5.014491956304015785e-01
5.542005626343018410e-01
6.933759755308256389e-01
9.046976886420303732e-01
1.168208027828142814e+00
1.461066235108250844e+00
1.758849656802861317e+00
2.034500239997701243e+00
2.257532972827745343e+00
2.402355904731933833e+00
2.462577727208671519e+00
2.430475836564584213e+00
2.302816022161218168e+00
2.078339704100681473e+00
1.764006867774006837e+00
1.354824844073589274e+00
8.529276713002955645e-01
1.860007968965717851e-01
-7.110626220193809743e-01
-1.845523919710997829e+00
-3.171474566271588191e+00
-4.602246905349082873e+00
-6.035637410916685930e+00
-7.378631909101038389e+00
-8.561273346673914375e+00
-9.554916643380456875e+00
-1.032295367104940986e+01
-1.093758847970589088e+01
-1.157072345422998616e+01
-1.234050889053152389e+01
-1.330445903330179291e+01
-1.442610916991609749e+01
-1.560848701961891649e+01
-1.670512860382231679e+01
-1.756882207733800172e+01
-1.807074995984163124e+01
-1.814076731022394995e+01
-1.777084263145941989e+01
-1.702910537669228574e+01
-1.603221885468004260e+01
-1.493225907647800277e+01
-1.387068320966959334e+01
-1.295806837875288231e+01
-1.223016370611986758e+01
-1.165253420404264695e+01
-1.110885043947029871e+01
-1.047395806931429796e+01
-9.632936189469042176e+00
-8.589220796985822304e+00
-7.389294410896654064e+00
-6.100226588123423888e+00
-4.820109921392002228e+00
-3.663478325344105446e+00
-2.728781407360588496e+00
-2.088112269438162638e+00
-1.742874349153988867e+00
-1.652053087262668862e+00
-1.669352314919254843e+00
-1.782815422939688199e+00
-2.142899601456389469e+00
-2.796865987791241182e+00
-3.748582660901091490e+00
-4.930538150763239535e+00
-6.246643101456661462e+00
-7.582700946021899036e+00
-8.839266381721023080e+00
-9.947131460878413378e+00
-1.085237273821686976e+01
-1.153828100274223978e+01
-1.215046208353024326e+01
-1.282957395890334418e+01
-1.367226816680401136e+01
-1.469193404417533522e+01
-1.583355535784706269e+01
-1.697838705660029390e+01
-1.798448875560612237e+01
-1.870759285255416415e+01
-1.904243733537175842e+01
-1.893486868875261209e+01
-1.840479820584048909e+01
-1.753098899333388516e+01
-1.644433025308766716e+01
-1.528895624904126116e+01
-1.420287406712063039e+01
-1.327297066243196788e+01
-1.252637184845176144e+01
-1.190256405511346394e+01
-1.128543396609615357e+01
-1.051125536520708792e+01
-9.508690620614329347e+00
-8.334366941640221071e+00
-7.040058484072161171e+00
-5.714136691177804650e+00
-4.464550223887589375e+00
-3.400303047005414747e+00
-2.606694612559096846e+00
-2.117073879337465936e+00
-1.907955443006303931e+00
-1.880116589936842386e+00
-1.915930451852071670e+00
-2.138565981063215826e+00
-2.642837667366584320e+00
-3.451263385459981237e+00
-4.527581525261984652e+00
-5.785842611304791383e+00
-7.115998882035302842e+00
-8.410980614635494845e+00
-9.582728352423757201e+00
-1.058179895199434384e+01
-1.135286412146764867e+01
-1.196573822782332641e+01
-1.258529850911534531e+01
-1.332905058693889089e+01
-1.425822826425395995e+01
-1.534586662886920649e+01
-1.650417343893051125e+01
-1.759425620285157876e+01
-1.847085664788370352e+01
-1.900260942106652351e+01
-1.911043493863140341e+01
-1.877504112825504734e+01
-1.805133771548508292e+01
-1.704603779820633136e+01
-1.590446851568035669e+01
-1.476985274973855233e+01
-1.376115614251656005e+01
-1.293333359606755195e+01
-1.227113830374903181e+01
-1.167646634305560838e+01
-1.100610710713141671e+01
-1.011622224774219525e+01
-9.025988278134017051e+00
-7.786267005638795702e+00
-6.465975472327587070e+00
-5.163878648910731783e+00
-3.994447249312070625e+00
-3.054103464118501865e+00
-2.411664708269159352e+00
-2.064320807033025229e+00
-1.966742331547465694e+00
-1.969609556019000562e+00
-2.077368017936476630e+00
-2.437794976445434525e+00
-3.094089621398645740e+00
-4.047125050564657656e+00
-5.226605239540253578e+00
-6.535244227665576666e+00
-7.858757494247983644e+00
-9.098798270828135415e+00
-1.018785925705121542e+01
-1.107478773897319790e+01
-1.174386796651170428e+01
-1.234142310755457039e+01
-1.300942392697828964e+01
-1.384457602392321185e+01
-1.485978610803414668e+01
-1.599839064160907043e+01
-1.713996286278852210e+01
-1.814099541713614272e+01
-1.885652627154161110e+01
-1.918125733608657058e+01
-1.906204578234966007e+01
-1.852036340522883506e+01
-1.763697167699777424e+01
-1.654452237166943718e+01
-1.538847477091682769e+01
-1.430721616120162487e+01
-1.338685008425695599e+01
-1.265232379416463182e+01
-1.203983315429934464e+01
-1.143039884518057114e+01
-1.065855810616261046e+01
-9.659811753648565258e+00
-8.489864259350014208e+00
-7.198312120720714802e+00
-5.874027757752422474e+00
-4.624444357509606363e+00
-3.559160098830211449e+00
-2.763627034415712114e+00
-2.272180224504959156e+00
-2.061799887985682034e+00
-2.033534082187532732e+00
-2.069235892479772243e+00
-2.292682811634317641e+00
-2.798463596585076374e+00
-3.608611275078929648e+00
-4.686050359515801844e+00
-5.944606146011700787e+00
-7.273936335211332427e+00
-8.567237567432144374e+00
-9.736613401650709321e+00
-1.073306446869882258e+01
-1.150146587474002224e+01
-1.211276262899162326e+01
-1.273171453481876725e+01
-1.347578903354992974e+01
-1.440557658535629670e+01
-1.549377139094485756e+01
-1.665190766811263501e+01
-1.774095913263113999e+01
-1.861540257812536581e+01
-1.914421670497987904e+01
-1.924851250779304834e+01
-1.890970306642539001e+01
-1.818305214512665913e+01
-1.717591258112824093e+01
-1.603367592519764884e+01
-1.489978583757045882e+01
-1.389272857478175105e+01
-1.306716585087483118e+01
-1.240687762645340264e+01
-1.181336437071766454e+01
-1.114262104142844301e+01
-1.025186485216909027e+01
-9.161305998022852393e+00
-7.921436070268201846e+00
-6.601346686111588369e+00
-5.299949375171601140e+00
-4.131665507077052268e+00
-3.192917468141679205e+00
-2.552211577445017365e+00
-2.206632531687874987e+00
-2.110315994048390653e+00
-2.113628703378487739e+00
-2.223172672691698715e+00
-2.586493782885934678e+00
-3.246022297229946840e+00
-4.201989756644818996e+00
-5.383472027233762169e+00
-6.692968618929770130e+00
-8.016194113492749906e+00
-9.255049446697015014e+00
-1.034252066157747940e+01
-1.122688039735166399e+01
-1.189456411533587143e+01
-1.249360661916094983e+01
-1.316470181828350050e+01
-1.400373119174987302e+01
-1.502189859980086339e+01
-1.616182989666706504e+01
-1.730221901653686700e+01
-1.829980188836059796e+01
-1.900978224921772153e+01
-1.932796150958185422e+01
-1.920197401651707381e+01
-1.865459238084767790e+01
-1.776708944946851787e+01
-1.667276410812310772e+01
-1.551670699562057898e+01
-1.443701319527199445e+01
-1.351855924422249799e+01
-1.278550098429203885e+01
-1.217273283229335057e+01
-1.156103791981664841e+01
-1.078477061098035250e+01
-9.782054682414276670e+00
-8.608862527804674869e+00
-7.315554853359254928e+00
-5.991295312307526544e+00
-4.744062626413528605e+00
-3.682837339306746394e+00
-2.892852603121708999e+00
-2.406744277531760012e+00
-2.201150005562214407e+00
-2.174405816147552795e+00
-2.211965710846590216e+00
-2.440504368230175469e+00
-2.952238474904389509e+00
-3.768372977372993482e+00
-4.850331033359881694e+00
-6.111316409080550294e+00
-7.440713630095344477e+00
-8.731952255091247395e+00
-9.897908133611787562e+00
-1.088989402097815606e+01
-1.165352140944833970e+01
-1.226284935013838862e+01
-1.288251763561501839e+01
-1.362917877829692870e+01
-1.456198421526160836e+01
-1.565223848520306404e+01
-1.681033438075355235e+01
-1.789663212374384926e+01
-1.876562889952404944e+01
-1.928687669639137425e+01
-1.938257135499063821e+01
-1.903542584557942163e+01
-1.830200291119613709e+01
-1.729058193318246239e+01
-1.614700435022308866e+01
-1.501452480110788201e+01
-1.401078992378027444e+01
-1.318916487100136692e+01
-1.253172900886410090e+01
-1.193872273793597572e+01
-1.126509966580186450e+01
-1.037003485917569101e+01
-9.276463638952842317e+00
-8.034046049423196223e+00
-6.712963995477163159e+00
-5.412118794142149802e+00
-4.246283780186296042e+00
-3.311195255996635556e+00
-2.674783954107845307e+00
-2.332883749226650760e+00
-2.238734599765626498e+00
-2.241962576298047960e+00
-2.353648061445947182e+00
-2.720166577510659156e+00
-3.383366671227065581e+00
-4.342427102045476772e+00
-5.526153781180382474e+00
-6.836424973362243307e+00
-8.159379825397021335e+00
-9.396792736904709287e+00
-1.048259901168466968e+01
-1.136416614265126235e+01
-1.203055196617397193e+01
-1.263094767622559189e+01
-1.330528423367664814e+01
-1.414813785479252317e+01
-1.516948291711023344e+01
-1.631067105797863803e+01
-1.744992759306596497e+01
-1.844360789923681665e+01
-1.914750325753279370e+01
-1.945789803618176705e+01
-1.932370408213594715e+01
-1.876843195505949069e+01
-1.787447336345192994e+01
-1.677525638206362757e+01
-1.561618819345216558e+01
-1.453453832193967266e+01
-1.361465610044521313e+01
-1.287927574399131103e+01
-1.226265177234466464e+01
-1.164459221421155100e+01
-1.085997879815134404e+01
-9.848923270426219290e+00
-8.668344973536946441e+00
-7.368455150008886179e+00
-6.039522557459670260e+00
-4.789073214408632317e+00
-3.726445255216934260e+00
-2.935507083040814091e+00
-2.448480833953705638e+00
-2.240099033246033322e+00
-2.209981661940228381e+00
-2.242706229055463130e+00
-2.464188067672107074e+00
-2.966629078262502439e+00
-3.773645440064173240e+00
-4.847497580761888081e+00
-6.103257742890160209e+00
-7.429382498214748054e+00
-8.720204948712732218e+00
-9.885337755066078813e+00
-1.088044524021933945e+01
-1.165578767587196474e+01
-1.225191221047084511e+01
-1.283567040492852485e+01
-1.353668102991197131e+01
-1.442850802922725073e+01
-1.549489757073954088e+01
-1.665164594983936652e+01
-1.775989423026032199e+01
-1.866849530603651175e+01
-1.923896134151915049e+01
-1.938201191844233762e+01
-1.907057575015817363e+01
-1.835240550380504132e+01
-1.733289002199557771e+01
-1.615798378630479348e+01
-1.497753918972860987e+01
-1.391742804902600561e+01
-1.304247248596220210e+01
-1.234225577280424346e+01
-1.172336090923196572e+01
-1.104009900617370477e+01
-1.014659742821684496e+01
-9.053448339563734848e+00
-7.805949413211439314e+00
-6.463787111608279012e+00
-5.124927869793800994e+00
-3.900248529120543317e+00
-2.895919079111943351e+00
-2.184934045282151516e+00
-1.787332129962627691e+00
-1.639346519570986871e+00
-1.611985548933200230e+00
-1.748271564058700767e+00
-2.168866612201737265e+00
-2.889700986361237511e+00
-3.863994510406668859e+00
-4.994162297341365075e+00
-6.162971354882985864e+00
-7.252634376722002507e+00
-8.168768023992242888e+00
-8.850786768970680285e+00
-9.281093177969850672e+00
-9.480278671277940106e+00
-9.498118297933764609e+00
-9.395338319118499371e+00
-9.227660825441919457e+00
-9.028741652097743042e+00
-8.800616956319064599e+00
-8.512732984008366088e+00
-8.113518792321398720e+00
-7.544757875668980596e+00
-6.759474015191397456e+00
-5.737248222114693874e+00
-4.495205362044544906e+00
-3.089443930306370767e+00
-1.608585517901897299e+00
-1.597752537147533736e-01
1.151535349995373769e+00
2.245024349882003722e+00
3.091493344769134843e+00
3.724310289146249620e+00
4.233480646760542143e+00
4.711563202321967125e+00
5.130522054934884224e+00
5.482660917147125446e+00
5.780453067878134732e+00
6.030385517968712250e+00
6.240505776409923655e+00
6.416202849036215738e+00
6.563255632674432682e+00
6.685732625216853187e+00
6.787814611319661573e+00
6.872454825871410655e+00
6.942666642498307894e+00
7.000545059322787367e+00
7.048262002802585968e+00
7.087283386535192520e+00
7.119181911414686148e+00
7.144970228733073192e+00
7.165792301173204315e+00
7.182333298721363946e+00
7.195427401094521613e+00
7.205522631227641916e+00
7.213230449001777345e+00
7.218830703281584604e+00
7.222778167277231987e+00
7.225237229746001688e+00
7.226554688230692136e+00
7.226817102811310178e+00
7.226296847813513224e+00
7.225027138009161298e+00
7.223227322495414882e+00
7.220892831598606065e+00
7.218204261965010637e+00
7.215130160648977053e+00
7.211823010965160208e+00
7.208233035773799813e+00
7.204493013403599377e+00
7.200541326483808291e+00
7.196497400482748219e+00
7.192292285504911398e+00
7.188035891451934667e+00
7.183654428927595426e+00
7.179250619495890717e+00
7.174747304306807294e+00
7.170241536833752427e+00
7.165653851784607120e+00
7.161076983522153050e+00
7.156430196916284459e+00
7.151803122086029418e+00
7.147114593980905539e+00
7.142451971075623796e+00
7.137734113934719460e+00
7.133046603636188365e+00
7.128308525261745743e+00
7.123603891171772950e+00
7.118852032401004060e+00
7.114135584770906462e+00
7.109374244591322167e+00
7.104649475357115662e+00
7.099881453152529609e+00
7.095150655009216933e+00
7.090377818721530723e+00
7.085642617017169798e+00
7.080866413361151857e+00
7.076128135014238651e+00
7.071349762354130597e+00
7.066609469495674922e+00
7.061829674625176523e+00
7.057087899471567560e+00
7.052307161461365048e+00
7.047564307902250746e+00
7.042782895546586985e+00
7.038039169818006258e+00
7.033257242412126686e+00
7.028512829580552790e+00
7.023730587028534700e+00
7.018985669685119611e+00
7.014203246225130250e+00
7.009457947260221644e+00
7.004675455360704461e+00
6.999929880946744731e+00
6.995147384811291502e+00
6.990401575253294197e+00
6.985619088817886180e+00
6.980873055222294177e+00
6.976090584199526212e+00
6.971344329573224030e+00
6.966561882321560262e+00
6.961815450214341006e+00
6.957033060236207156e+00
6.952286468180617796e+00
6.947504132875986116e+00
6.942757380870302697e+00
6.937975116610685333e+00
6.933228240409291310e+00
6.928446061676376111e+00
6.923699041200827686e+00
6.918916906523140398e+00
6.914169737915178082e+00
6.909387675781435867e+00
6.904640393343666638e+00
6.899858407565160334e+00
6.895110989622181386e+00
6.890329058622106650e+00
6.885581500125296905e+00
6.880799631836011621e+00
6.876051959387964096e+00
6.871270149011068362e+00
6.866522334979277886e+00
6.861740567331519713e+00
6.856992625976171318e+00
6.852210918820982322e+00
6.847462856791749708e+00
6.842681209603004966e+00
6.837933012774990438e+00
6.833151405958258984e+00
6.828403098238978508e+00
6.823621551096028526e+00
6.818873125314564021e+00
6.814091623030133604e+00
6.809343067043926112e+00
6.804561608145749396e+00
6.799812937171539673e+00
6.795031534953236196e+00
6.790282754448381475e+00
6.785501389514973170e+00
6.780752487198725476e+00
6.775971157536830880e+00
6.771222132643172742e+00
6.766440854838105423e+00
6.761691725339788128e+00
6.756910492899451448e+00
6.752161259550474526e+00
6.747380072526329542e+00
6.742630732317381970e+00
6.737849591056333409e+00
6.733100147968089644e+00
6.728319043585695880e+00
6.723569480675920751e+00
6.718788398505208370e+00
6.714038718695117147e+00
6.709257668864862190e+00
6.704507883959244907e+00
6.699726865448483615e+00
6.694976970847768882e+00
6.690195977120590776e+00
6.685445982457924430e+00
6.680665048931584415e+00
6.675914978088495211e+00
6.671134080353264828e+00
6.666383891352994695e+00
6.661603010610537723e+00
6.656852723401357252e+00
6.652071880143350491e+00
6.647321496968378263e+00
6.642540673680460195e+00
6.637790169451767142e+00
6.633009377140196783e+00
6.628258796448633028e+00
6.623478046650093987e+00
6.618727372815514265e+00
6.613946642891462169e+00
6.609195869534867818e+00
6.604415178106622264e+00
6.599664323142578226e+00
6.594883667533118832e+00
6.590132712375631918e+00
6.585352071922208950e+00
6.580601015640764828e+00
6.575820386966024778e+00
6.571069232779082725e+00
6.566288630997627607e+00
6.561537385507357101e+00
6.556756813348168400e+00
6.552005484384616274e+00
6.547224939091043971e+00
6.542473531060008618e+00
6.537693028717224131e+00
6.532941548324423309e+00
6.528161066988652728e+00
6.523409485433472099e+00
6.518629016233844276e+00
6.513877350316285231e+00
6.509096909188504476e+00
6.504345153456984718e+00
6.499564720813021168e+00
6.494812869822507828e+00
6.490032464012155167e+00
6.485280559589499561e+00
6.480500206595851687e+00
6.475748229844429105e+00
6.470967881438104641e+00
6.466215805450967302e+00
6.461435475331874123e+00
6.456683326242578680e+00
6.451903020778636311e+00
6.447150791500418698e+00
6.442370490174098130e+00
6.437618172133193539e+00
6.432837899839742413e+00
6.428085514965336422e+00
6.423305266725409801e+00
6.418552804205719831e+00
6.413772570712723109e+00
6.409020035944652527e+00
6.404239829298706610e+00
6.399487231659263031e+00
6.394707047973213321e+00
6.389954369562415692e+00
6.385174193440589008e+00
6.380421429077771656e+00
6.375641264464480429e+00
6.370888433562806874e+00
6.366108288756565869e+00
6.361355378567374430e+00
6.356575248292783087e+00
6.351822268782197689e+00
6.347042164524665075e+00
6.342289133829511094e+00
6.337509062253134928e+00
6.332755963408957633e+00
6.327975898249163400e+00
6.323222717387089631e+00
6.318442661737909027e+00
6.313689407788411145e+00
6.308909364580078893e+00
6.304156038793601091e+00
6.299376007441694902e+00
6.294622619186968748e+00
6.289842619517103550e+00
6.285089190118006819e+00
6.280309219194549541e+00
6.275555717180728799e+00
6.270775744399311513e+00
6.266022167157765388e+00
6.261242213024535097e+00
6.256488575852428013e+00
6.251708632842968072e+00
6.246954922169289048e+00
6.242174979865875883e+00
6.237421211050474312e+00
6.232641293164862262e+00
6.227887464264313166e+00
6.223107558347059864e+00
6.218353661881780070e+00
6.213573766406835119e+00
6.208819812424916762e+00
6.204039933833668030e+00
6.199285923533761178e+00
6.194506062766526711e+00
6.189751991846512702e+00
6.184972135273994809e+00
6.180217994319791686e+00
6.175438147950204737e+00
6.170683956147730242e+00
6.165904124661318875e+00
6.161149869197673823e+00
6.156370040089528040e+00
6.151615720237489704e+00
6.146835912366545251e+00
6.142081554661561249e+00
6.137301768057393581e+00
6.132547344513346488e+00
6.127767551527901979e+00
6.123013062822172614e+00
6.118233282412779417e+00
6.113478740349423290e+00
6.108698969855804073e+00
6.103944372185064360e+00
6.099164614482524449e+00
6.094409967111849014e+00
6.089630232827780709e+00
6.084875541061262716e+00
6.080095817496995458e+00
6.075341064293144910e+00
6.070561336507412697e+00
6.065806518088997734e+00
6.061026794649646554e+00
6.056271919587480568e+00
6.051492210999684040e+00
6.046737285313569465e+00
6.041957581348103012e+00
6.037202604872701883e+00
6.032422908530636008e+00
6.027667885603245956e+00
6.022888205821252505e+00
6.018133127387565118e+00
6.013353451785472537e+00
6.008598318230125024e+00
6.003818649318666267e+00
5.999063470022739430e+00
5.994283810496400910e+00
5.989528573078292339e+00
5.984748908392141686e+00
5.979993610276386207e+00
5.975213960899385945e+00
5.970458624819289462e+00
5.965678983901059773e+00
5.960923593477557958e+00
5.956143948481640749e+00
5.951388504584049777e+00
5.946608879009905202e+00
5.941853405984859116e+00
5.937073791688578517e+00
5.932318259402474148e+00
5.927538634288904262e+00
5.922783044492232918e+00
5.918003423682058894e+00
5.913247784215616143e+00
5.908468164096716713e+00
5.903712478313960510e+00
5.898932868295917231e+00
5.894177147174014308e+00
5.889397558733891813e+00
5.884641797325083523e+00
5.879862212277139122e+00
5.875106397517113166e+00
5.870326807356445187e+00
5.865570938126014156e+00
5.860791340150325546e+00
5.856035419536644859e+00
5.851255830478822695e+00
5.846499862888727250e+00
5.841720278951980205e+00
5.836964265851003475e+00
5.832184683345535525e+00
5.827428636058714417e+00
5.822649065413364688e+00
5.817892972082477243e+00
5.813113399529585834e+00
5.808357250143628470e+00
5.803577676821540798e+00
5.798821485876841209e+00
5.794041919728924128e+00
5.789285691436941939e+00
5.784506122527976579e+00
5.779749844750353915e+00
5.774970279087946246e+00
5.770213952719474904e+00
5.765434386030552361e+00
5.760678013191433244e+00
5.755898443966694700e+00
5.751142028684793850e+00
5.746362469559170627e+00
5.741606023094800726e+00
5.736826473298902940e+00
5.732069979760797906e+00
5.727290420682281891e+00
5.722533879915270738e+00
5.717754320830765735e+00
5.712997733512518828e+00
5.708218173975112109e+00
5.703461546772135016e+00
5.698681986192289273e+00
5.693925324674934174e+00
5.689145771596112233e+00
5.684389069427957075e+00
5.679609516674879011e+00
5.674852767417159605e+00
5.670073208989732549e+00
5.665316414046269955e+00
5.660536846015839174e+00
5.655780012866229889e+00
5.651000444531250722e+00
5.646243569635091220e+00
5.641464009912759536e+00
5.636707096155347152e+00
5.631927537450733823e+00
5.627170585361914057e+00
5.622391015623650290e+00
5.617634014978069246e+00
5.612854435827436816e+00
5.608097390726562992e+00
5.603317811230356327e+00
5.598560731441518001e+00
5.593781159701050498e+00
5.589024049072275346e+00
5.584244479097312031e+00
5.579487335968108752e+00
5.574707759900791260e+00
5.569950571058937427e+00
5.565170989770061638e+00
5.560413757149869518e+00
5.555634163900315947e+00
5.550876886323400150e+00
5.546097290658203782e+00
5.541339981454929564e+00
5.536560393228776356e+00
5.531803049534561367e+00
5.527023454314853090e+00
5.522266070034700824e+00
5.517486470109198571e+00
5.512729051314973816e+00
5.507949453683760765e+00
5.503191991093610014e+00
5.498412381106129843e+00
5.493654881514267174e+00
5.488875269508491250e+00
5.484117737075716370e+00
5.479338113775232166e+00
5.474580529627631975e+00
5.469800894002678326e+00
5.465043272151413056e+00
5.460263642715820431e+00
5.455505999017670860e+00
5.450726364517299416e+00
5.445968684134672166e+00
5.441189043968591932e+00
5.436431324367363871e+00
5.431651682941732062e+00
5.426893926214518160e+00
5.422114270894875077e+00
5.417356468442986461e+00
5.412576789073558992e+00
5.407818937354622157e+00
5.403039250214582978e+00
5.398281371443201415e+00
5.393501695289248055e+00
5.388743792278580358e+00
5.383964112888048881e+00
5.379206177681844281e+00
5.374426491549888496e+00
5.369668524044437952e+00
5.364888829455328967e+00
5.360130818826516652e+00
5.355351100187685454e+00
5.350593042797368248e+00
5.345813317030170708e+00
5.341055240432756257e+00
5.336275516147154896e+00
5.331517401576580717e+00
5.326737664126162564e+00
5.321979513937341366e+00
5.317199769980933688e+00
5.312441597253590331e+00
5.307661848067503740e+00
5.302903629118824291e+00
5.298123859487937182e+00
5.293365602761151756e+00
5.288585825293118603e+00
5.283827538806278312e+00
5.279047748987379052e+00
5.274289425227538963e+00
5.269509621866053095e+00
5.264751262187146175e+00
5.259971453638040195e+00
5.255213062868433482e+00
5.250433245369884538e+00
5.245674825680450404e+00
5.240894991565429706e+00
5.236136536014992515e+00
5.231356691519467361e+00
5.226598199583752269e+00
5.221818343090030012e+00
5.217059811699720662e+00
5.212279928540931806e+00
5.207521351910305185e+00
5.202741455207896770e+00
5.197982859550130286e+00
5.193202965312174513e+00
5.188444341398056103e+00
5.183664434421660694e+00
5.178905775238355602e+00
5.174125855076209035e+00
5.169367163964936118e+00
5.164587228263568974e+00
5.159828493689927242e+00
5.155048529565522841e+00
5.150289758067243540e+00
5.145509790518907778e+00
5.140751008443144698e+00
5.135971037010537366e+00
5.131212220553850401e+00
5.126432229261244089e+00
5.121673371835397504e+00
5.116893360414898950e+00
5.112134475633788533e+00
5.107354445733603754e+00
5.102595517771892908e+00
5.097815462207654136e+00
5.093056497500130675e+00
5.088276426212183345e+00
5.083517435359644843e+00
5.078737354986235353e+00
5.073978337563346486e+00
5.069198236931101498e+00
5.064439182988401456e+00
5.059659064206267765e+00
5.054899980400968218e+00
5.050119852995758940e+00
5.045360735424869958e+00
5.040580572335826126e+00
5.035821411879975784e+00
5.031041228877966454e+00
5.026282040844066934e+00
5.021501843139815513e+00
5.016742614984021742e+00
5.011962383286383549e+00
5.007203118080952642e+00
5.002422882660072290e+00
4.997663610913607002e+00
4.992883371675437054e+00
4.988124067268536521e+00
4.983343796278729698e+00
4.978584446668145702e+00
4.973804148336673059e+00
4.969044763357868710e+00
4.964264436999990870e+00
4.959505008127818471e+00
4.954724653336542772e+00
4.949965196583696603e+00
4.945184838963141871e+00
4.940425366731659551e+00
4.935644993121930391e+00
4.930885488370591929e+00
4.926105091613477427e+00
4.921345549632570204e+00
4.916565126712992395e+00
4.911805549580830821e+00
4.907025089402520024e+00
4.902265464144791807e+00
4.897484970295080231e+00
4.892725305856808760e+00
4.887944795996381764e+00
4.883185114293024043e+00
4.878404594143899153e+00
4.873644881715485155e+00
4.868864324661076992e+00
4.864104572452688124e+00
4.859323992547265547e+00
4.854564218980189416e+00
4.849783622161654151e+00
4.845023794987918464e+00
4.840243150417792961e+00
4.835483287746773051e+00
4.830702621716089773e+00
4.825942732361514054e+00
4.821162034717494826e+00
4.816402089161346822e+00
4.811621352881816804e+00
4.806861387852408463e+00
4.802080658785648382e+00
4.797320679593452653e+00
4.792539921298464733e+00
4.787779895289954624e+00
4.782999100117652169e+00
4.778239039147125666e+00
4.773458221379585531e+00
4.768698119166154825e+00
4.763917260972042378e+00
4.759157106876870102e+00
4.754376218979427193e+00
4.749616039237844589e+00
4.744835136928794661e+00
4.740074924274405355e+00
4.735293996827697249e+00
4.730533752701088446e+00
4.725752802444875833e+00
4.720992521085482174e+00
4.716211546714815128e+00
4.711451218545554376e+00
4.706670202807067938e+00
4.701909828280524728e+00
4.697128774064434964e+00
4.692368351908388746e+00
4.687587279176664623e+00
4.682826830030505150e+00
4.678045743601860984e+00
4.673285254280162171e+00
4.668504135129231791e+00
4.663743604164110046e+00
4.658962466736348063e+00
4.654201907473381361e+00
4.649420745661338117e+00
4.644660123547508235e+00
4.639878932601599892e+00
4.635118266517819663e+00
4.630337051702065665e+00
4.625576341936802116e+00
4.620795088437350984e+00
4.616034310257040474e+00
4.611253025811494766e+00
4.606492209823149331e+00
4.601710921173446600e+00
4.596950056214369695e+00
4.592168739332580074e+00
4.587407812541843377e+00
4.582626468203246262e+00
4.577865490726078512e+00
4.573084128066741805e+00
4.568323084042206439e+00
4.563541675894893679e+00
4.558780536935575611e+00
4.553999087298409520e+00
4.549237868931641060e+00
4.544456381228423325e+00
4.539695060723399678e+00
4.534913516763113606e+00
4.530152085010667129e+00
4.525370483602948468e+00
4.520608933108444916e+00
4.515827260558770817e+00
4.511065537592820363e+00
4.506283741849851587e+00
4.501521808883724773e+00
4.496739859050734367e+00
4.491977677016945947e+00
4.487195530897768236e+00
4.482433021043945587e+00
4.477650602605143249e+00
4.472887684709273337e+00
4.468104924419243673e+00
4.463341507941377628e+00
4.458558292149321645e+00
4.453794217280226952e+00
4.449010346596075749e+00
4.444245379516080341e+00
4.439460641536866703e+00
4.434694519364453136e+00
4.429908618957142608e+00
4.425140988844577628e+00
4.420353535405180168e+00
4.415583955156379581e+00
4.410794473860211617e+00
4.406022358694094976e+00
4.401230135232766294e+00
4.396454584924813780e+00
4.391658597589080948e+00
4.386878427552231230e+00
4.382077366122869577e+00
4.377291060027204139e+00
4.372483213893218590e+00
4.367688796515253991e+00
4.362871959010016454e+00
4.358066889727743920e+00
4.353238133684896205e+00
4.348418888291639917e+00
4.343574057004027544e+00
4.338735697548203873e+00
4.333869090400335189e+00
4.329004976400297799e+00
4.324109016285025753e+00
4.319210458972098543e+00
4.314275306324710790e+00
4.309331011497423702e+00
4.304343751887909519e+00
4.299338676015867833e+00
4.294281816763104942e+00
4.289195409828384875e+00
4.284044953412332823e+00
4.278849052485035109e+00
4.273572334584858190e+00
4.268229092358203580e+00
4.262782714306482035e+00
4.257242167798772847e+00
4.251568808756957196e+00
4.245764876675484523e+00
4.239788358033518278e+00
4.233632486196149181e+00
4.227249793296289582e+00
4.220621474634226544e+00
4.213692072897461394e+00
4.206427348843972958e+00
4.198761188850093085e+00
4.190639923135937472e+00
4.181982588600417827e+00
4.172710719401534263e+00
4.162723851230198946e+00
4.151909993528572151e+00
4.140139634807570523e+00
4.127254991692876018e+00
4.113084951918749788e+00
4.097409800420824588e+00
4.080001407890940790e+00
4.060558972527176458e+00
4.038779269907989189e+00
4.014256902844429042e+00
3.986589894584412264e+00
3.955235310558668171e+00
3.919657451880850463e+00
3.879127056202027912e+00
3.832923861659067732e+00
3.780064565794475584e+00
3.719579507604325208e+00
3.650147586760788876e+00
3.570478740086783453e+00
3.478816076233928634e+00
3.373478388923783378e+00
3.252143747185684219e+00
3.112678345429103821e+00
2.951775594980978745e+00
2.766122894647523367e+00
2.549985912372580987e+00
2.302230904887686780e+00
2.023371595164968895e+00
1.716926470118706138e+00
1.405367105721099019e+00
1.112728682565166105e+00
8.593378882364808291e-01
6.630406341101067191e-01
5.395880321305893679e-01
