-1.324721075434792716e+01
-1.519573831207385872e+01
-1.691928756111947862e+01
-1.788682661646243943e+01
-1.778846155764841797e+01
-1.669347496002944098e+01
-1.501739516981401046e+01
-1.330813693535016462e+01
-1.196618890202792862e+01
-1.100888427728978947e+01
-1.003007299717042322e+01
-8.579182205890518276e+00
-6.734004857844992031e+00
-4.751726717892651664e+00
-3.035210121476423772e+00
-1.919675930683958587e+00
-1.532629083652129909e+00
-1.566598493093107169e+00
-1.904034918793515496e+00
-2.909819614918458530e+00
-4.583279983798675516e+00
-6.642465514584008801e+00
-8.676032756092144638e+00
-1.036408161190881572e+01
-1.156395295295007486e+01
-1.258799728336230928e+01
-1.388036493407296668e+01
-1.553874102181729633e+01
-1.728051006907990228e+01
-1.860183074818650439e+01
-1.906094935595953288e+01
-1.848723373427579375e+01
-1.708735034264489983e+01
-1.531814739770513256e+01
-1.367989912476874359e+01
-1.242032246051887867e+01
-1.141379096846219454e+01
-1.016611595984903715e+01
-8.431984204657219095e+00
-6.416321137532465357e+00
-4.440118911158502435e+00
-2.888552510520248973e+00
-2.010436528671677880e+00
-1.699875870712871828e+00
-1.788622645881625450e+00
-2.359284026127936418e+00
-3.416952233169084252e+00
-4.928747037441802981e+00
-6.706651769724475187e+00
-8.475605707725222260e+00
-1.001681459539920027e+01
-1.120051738069598279e+01
-1.227288752755763923e+01
-1.362474536644417888e+01
-1.527765435660947091e+01
-1.692523272586872096e+01
-1.810429361652850488e+01
-1.845093541411232962e+01
-1.787287813865907893e+01
-1.660093966734484638e+01
-1.506393951812841081e+01
-1.365351355682596690e+01
-1.249614487240433824e+01
-1.139184937957723420e+01
-1.011605289931159390e+01
-8.467169666783997073e+00
-6.470251187815743599e+00
-4.497079741319311097e+00
-2.939404559799763117e+00
-2.041010305253824875e+00
-1.838125805729280415e+00
-2.280263836767836061e+00
-3.319286029555989614e+00
-4.712553142259468864e+00
-6.040228358631414274e+00
-6.997837464556382336e+00
-7.463992435544846593e+00
-7.544700137134344509e+00
-7.440776940716899546e+00
-7.327342700404583908e+00
-7.208938098166539632e+00
-6.930200299127698749e+00
-6.255868860491409222e+00
-5.040062258481931678e+00
-3.322113896637904684e+00
-1.360384738703130036e+00
4.803068787229532455e-01
1.893690399563165316e+00
2.837807955149629802e+00
3.529891232603569851e+00
4.117952867801029093e+00
4.586485159137059675e+00
4.955293034573884370e+00
5.243112052537443724e+00
5.470398611445117076e+00
5.647222424093108373e+00
5.787429853048661421e+00
5.896085460148354329e+00
5.982690405778069653e+00
6.049346653533258511e+00
6.102834258019028901e+00
6.143519465307477390e+00
6.176447279961913672e+00
6.200976415410631049e+00
6.221038194087946671e+00
6.235443197826422868e+00
6.247398856606472428e+00
6.255433147449023679e+00
6.262255768903180808e+00
6.266263589705440396e+00
6.269812041122126978e+00
6.271262586754325241e+00
6.272710440822851119e+00
6.272537157144308040e+00
6.272633520058984224e+00
6.271429840148576851e+00
6.270649919907087089e+00
6.268792154771958280e+00
6.267440162473185694e+00
6.265170204520172703e+00
6.263442575048856042e+00
6.260915693297879336e+00
6.258938568191322993e+00
6.256253447377763344e+00
6.254107513492409787e+00
6.251327708928404725e+00
6.249066054760630706e+00
6.246232589611858010e+00
6.243889078586970065e+00
6.241027748867606917e+00
6.238624550320954754e+00
6.235752111746317716e+00
6.233303660287417003e+00
6.230430700228181351e+00
6.227946577838197939e+00
6.225079711324860376e+00
6.222565813319085315e+00
6.219709175140011759e+00
6.217169869314203012e+00
6.214326140501869489e+00
6.211764006482757061e+00
6.208934801558230632e+00
6.206351891562388978e+00
6.203538157404074660e+00
6.200935499568498876e+00
6.198137803910296562e+00
6.195516524695646510e+00
6.192735219028208782e+00
6.190095675463169300e+00
6.187330928684123599e+00
6.184673784678096808e+00
6.181925681712415965e+00
6.179250981697516742e+00
6.176519605353655074e+00
6.173827776627372366e+00
6.171113131047070155e+00
6.168404063027177031e+00
6.165706202936076963e+00
6.162980138695898447e+00
6.160299072359989303e+00
6.157555793699330593e+00
6.154891591162136244e+00
6.152131267841211226e+00
6.149484042095285652e+00
6.146706373712611970e+00
6.144076191864982661e+00
6.141281232460798378e+00
6.138668258950027656e+00
6.135855612942967774e+00
6.133259962934262788e+00
6.130429569082588515e+00
6.127851432546707500e+00
6.125002759611886560e+00
6.122442250986773971e+00
6.119575080678068879e+00
6.117032403629073301e+00
6.114145956145285332e+00
6.111621094990568714e+00
6.108714845010212002e+00
6.106207834700001058e+00
6.103280539481138689e+00
6.100791085036830097e+00
6.097841620533706042e+00
6.095369176393360178e+00
6.092395245206361665e+00
6.089938477720619581e+00
6.086937426969447174e+00
6.084494329755467668e+00
6.081461650232644622e+00
6.079028342519279704e+00
6.075957737766322531e+00
6.073527681560379143e+00
6.070408277767913141e+00
6.067970472847099117e+00
6.064786857428710043e+00
6.062323695575781990e+00
6.059050021702901745e+00
6.056531502223717389e+00
6.053127142629295854e+00
6.050504928216824396e+00
6.046905195082169726e+00
6.044100748527985623e+00
6.040201205708203069e+00
6.037084368440820192e+00
6.032714280292410081e+00
6.029073967393415501e+00
6.023960887060630931e+00
6.019454361752036853e+00
6.013150962771708130e+00
6.007210290027510169e+00
5.998983210088560725e+00
5.990680809208287272e+00
5.979336786398464554e+00
5.967152878203488164e+00
5.950724993463588852e+00
5.932133852509933192e+00
5.907356197337165327e+00
5.878175188725809797e+00
5.839655328502287190e+00
5.792946817513309199e+00
5.731687777391127447e+00
5.655812643746204849e+00
5.556727598721958650e+00
5.432211933340652443e+00
5.270152637045088184e+00
5.064527222024134190e+00
4.797611866447991424e+00
4.456731455789202379e+00
4.015976491528138403e+00
3.450028128923873449e+00
2.740361794240099069e+00
1.912711273856774197e+00
6.751720638753028192e-01
-1.141441420946614382e+00
-3.370783098708645564e+00
-5.645332601887359303e+00
-7.646164627184430351e+00
-9.155597315561049498e+00
-1.028328681040786385e+01
-1.155591226135376992e+01
