-1.388010689852950819e+01
-1.623888724964345442e+01
-1.804936067139679423e+01
-1.841664738292558923e+01
-1.718696498148599972e+01
-1.507089325514594158e+01
-1.307741950983820445e+01
-1.172624560598516474e+01
-1.050417540950848228e+01
-8.602069981236430962e+00
-6.152623893167394442e+00
-3.793673104791600803e+00
-2.252812558780927787e+00
-1.802779367498910101e+00
-1.927290124987012243e+00
-2.796258627879567804e+00
-4.782778133550736221e+00
-7.338815668382868473e+00
-9.762635340109579118e+00
-1.147610931193255190e+01
-1.274670405840365994e+01
-1.443554992681754356e+01
-1.663906345279658439e+01
-1.858618034751680526e+01
-1.932619095515602581e+01
-1.845606262953975474e+01
-1.645447431103730551e+01
-1.428809084224698012e+01
-1.267368764047573393e+01
-1.141733559484585747e+01
-9.649941844031040716e+00
-7.207322786094353617e+00
-4.698791305363714699e+00
-2.831971500234458095e+00
-2.092996714423383420e+00
-2.049539199821974300e+00
-2.607762372249685878e+00
-4.271369523400934121e+00
-6.712670869963785591e+00
-9.200870169234034890e+00
-1.111344586727361516e+01
-1.234796881590555273e+01
-1.371888919183870570e+01
-1.575173021909747462e+01
-1.790653764204710185e+01
-1.916911204493829501e+01
-1.882631867077960663e+01
-1.705658874154951121e+01
-1.476234378358533661e+01
-1.288009722546512670e+01
-1.157647311755716046e+01
-1.005661079436961813e+01
-7.790379677527363711e+00
-5.192809263321133351e+00
-2.928403220944103769e+00
-1.716973307393692805e+00
-1.437381503652332082e+00
-1.822582077155785019e+00
-3.274100971440470520e+00
-5.451834852908077345e+00
-7.532298244333365922e+00
-8.861105021381675328e+00
-9.286047903697797423e+00
-9.121283035236784187e+00
-8.740624959191775289e+00
-8.206537990842097230e+00
-7.196868854778301738e+00
-5.378695265778211443e+00
-2.776277534386268453e+00
6.461103310328908389e-02
2.413881380326182047e+00
3.872765809345315446e+00
4.838734686163194354e+00
5.611375168432813254e+00
6.153652102584747929e+00
6.544338695460825583e+00
6.812142464665996933e+00
7.000807923040959224e+00
7.125639654151116886e+00
7.210703361594642757e+00
7.262666427384301571e+00
7.295203376433146758e+00
7.310689219252158644e+00
7.317051707538356098e+00
7.314411988337760739e+00
7.307615084186569909e+00
7.296000361772060572e+00
7.282651494965885597e+00
7.266579039873363399e+00
7.249890108189880777e+00
7.231670994003644992e+00
7.213344878353012746e+00
7.194050670114135571e+00
7.174822910516145846e+00
7.155037240980244739e+00
7.135393223709559862e+00
7.115368659613282354e+00
7.095449327647990856e+00
7.075334983248883880e+00
7.055303839579799785e+00
7.035148183731510407e+00
7.015004647892967959e+00
6.994853523156920438e+00
6.974679775180504748e+00
6.954534379552827161e+00
6.934293901102976498e+00
6.914170056527306762e+00
6.893921387707588444e+00
6.873814260182365743e+00
6.853515455268602174e+00
6.833430182441555090e+00
6.813129240895126060e+00
6.793062234889099216e+00
6.772718525619159990e+00
6.752670819619642550e+00
6.732327141312761221e+00
6.712297950805542257e+00
6.691915813152530035e+00
6.671902858101302236e+00
6.651521142011531218e+00
6.631526973655915036e+00
6.611109842439249817e+00
6.591129429392223571e+00
6.570712503235675683e+00
6.550751287904017062e+00
6.530301136860378719e+00
6.510351731478124293e+00
6.489901002249887085e+00
6.469971556507627675e+00
6.449489199128832340e+00
6.429569967206434811e+00
6.409085901387834738e+00
6.389187679145386767e+00
6.368673057719754560e+00
6.348783874994531118e+00
6.328265960407030377e+00
6.308398941604240306e+00
6.287850816502529305e+00
6.267991704529687347e+00
6.247437879273734396e+00
6.227601986007551993e+00
6.207017169373846954e+00
6.187187313809225486e+00
6.166592550338132916e+00
6.146785716573325509e+00
6.126156483855915269e+00
6.106351317915253318e+00
6.085703183127493254e+00
6.065915785929725246e+00
6.045221931126116388e+00
6.025423241338020652e+00
6.004688921060714613e+00
5.984887723963838724e+00
5.964074011656175678e+00
5.944219683511570373e+00
5.923304309028124770e+00
5.903378272707775487e+00
5.882283530647023362e+00
5.862176677854613160e+00
5.840800146638653878e+00
5.820397086212723892e+00
5.798533162809635932e+00
5.777552425306324402e+00
5.754867188914174037e+00
5.732889914803943832e+00
5.708762099917819910e+00
5.684948169525111616e+00
5.658305364252641745e+00
5.631270638745014878e+00
5.600179613559672198e+00
5.567285441617522146e+00
5.528215415935118671e+00
5.484779475431697193e+00
5.431345491516220036e+00
5.368700409256436323e+00
5.289094980419345227e+00
5.191204458289173651e+00
5.063433218669494806e+00
4.900435889984113835e+00
4.683863682078682977e+00
4.400718851311718360e+00
4.019779088723660188e+00
3.514569054158775963e+00
2.828800595998355760e+00
1.937100887756329159e+00
8.119405561679334804e-01
-1.019226422828720224e+00
-3.661253486694665327e+00
-6.496380787144043545e+00
-8.896467942705825749e+00
-1.050473849162692197e+01
-1.190182280735682774e+01
