1.584550627035594461e+00
1.444240332396234505e+00
1.428014818414981235e+00
1.440936382527736370e+00
1.408057964454216826e+00
1.230317161304403717e+00
6.334779532948923153e-01
-3.635835106110089088e-01
-1.646709285110909526e+00
-3.110640276012659022e+00
-4.636428888666218384e+00
-6.142633446540597397e+00
-7.526989300615359646e+00
-8.726972225031804697e+00
-9.708653321731546271e+00
-1.046281755116939038e+01
-1.098560360281791581e+01
-1.157511384060662074e+01
-1.232292568667182842e+01
-1.295684639416741213e+01
-1.314111185617436384e+01
-1.270356146455909396e+01
-1.171755249341257965e+01
-1.039932173269389004e+01
-8.932346329800614271e+00
-7.344540019199895298e+00
-5.613322497126612909e+00
-3.732604663638854792e+00
-1.929470764515729186e+00
-3.609894432056168778e-01
7.287879532558305673e-01
1.146047533385269546e+00
1.218753706087374766e+00
1.090848582132160960e+00
5.116472653761739986e-01
-4.701735896087956834e-01
-1.743115799562663382e+00
-3.194799080697797056e+00
-4.710191113475008962e+00
-6.206955590563006275e+00
-7.590230059084094982e+00
-8.795265372133620474e+00
-9.797784839890230302e+00
-1.056568315497944077e+01
-1.115312384945621105e+01
-1.187380836820663177e+01
-1.270433852733741809e+01
-1.333453426487804983e+01
-1.344025833502439049e+01
-1.290940176959597352e+01
-1.185278337428341899e+01
-1.049936173456563004e+01
-8.998164798955079036e+00
-7.350896380515962392e+00
-5.528689650386891863e+00
-3.570633123725086122e+00
-1.754006680520690420e+00
-2.713115359857367070e-01
6.699011215546445408e-01
9.775695965924754427e-01
1.038847664741299193e+00
8.008615175432690636e-01
7.946656419125611159e-02
-9.958790832097124124e-01
-2.335990366384102401e+00
-3.806602389481396731e+00
-5.318898551532826424e+00
-6.777462904201606797e+00
-8.101536963393478175e+00
-9.236308018739414649e+00
-1.016933870716835209e+01
-1.085751899486596095e+01
-1.151909625076621957e+01
-1.236496202256553190e+01
-1.317883203727079966e+01
-1.362020330642884502e+01
-1.343566760866856491e+01
-1.263670945908018339e+01
-1.139792781307847136e+01
-9.944584629918393759e+00
-8.340398711448811397e+00
-6.569487855020613942e+00
-4.613464269844179455e+00
-2.633406238823333023e+00
-9.324145180627941842e-01
3.403869949453685040e-01
9.718777011987619341e-01
1.119703432033463786e+00
1.092761565181013195e+00
7.364240280523612903e-01
-7.741259833715288807e-02
-1.229364662576745149e+00
-2.624342693381950475e+00
-4.132603357669251132e+00
-5.658325772885889116e+00
-7.099805342129575259e+00
-8.354889660074977797e+00
-9.351122969427139608e+00
-1.003554282163074873e+01
-1.038437054699419448e+01
-1.038109716638687630e+01
-1.003072480298549074e+01
-9.340345329537447228e+00
-8.343072506669631849e+00
-7.078676429198448972e+00
-5.623260513555277562e+00
-4.058203979481250556e+00
-2.492914347321987911e+00
-9.963582878444341429e-01
3.293776237572946797e-01
1.410739138603474219e+00
2.166104318414853847e+00
2.616941022068522305e+00
3.014558561998757824e+00
3.357481125402431044e+00
3.625261320190300562e+00
3.834098308211804973e+00
3.996690787808148126e+00
4.122512244511852941e+00
4.220060256964861090e+00
4.295287774163565331e+00
4.353420294196920892e+00
4.398275088497013208e+00
4.432845066008263224e+00
4.459677416495346769e+00
4.480311509009074378e+00
4.496554400554097164e+00
4.508994705399352654e+00
4.519040538486319036e+00
4.526676650079328290e+00
4.533112754761249086e+00
4.537936492054744697e+00
4.542278919636528300e+00
4.545464538273518151e+00
4.548600782983263535e+00
4.550824875410161674e+00
4.553263316625369761e+00
4.554927419490833351e+00
4.556971467225230832e+00
4.558305183067245636e+00
4.560122920817800463e+00
4.561263721472638366e+00
4.562957042849698830e+00
4.563979823338542019e+00
4.565602272971505116e+00
4.566557150241782104e+00
4.568144920492615668e+00
4.569054842799165961e+00
4.570621780319189753e+00
4.571505920895810426e+00
4.573066312966134639e+00
4.573930968108772532e+00
4.575486384218657498e+00
4.576340481959213058e+00
4.577897771468657062e+00
4.578741602299329472e+00
4.580298011528818769e+00
4.581137072643194585e+00
4.582697522710046378e+00
4.583530263613518230e+00
4.585090551486666222e+00
4.585921021695301469e+00
4.587485389858727558e+00
4.588311494951388347e+00
4.589875327624560519e+00
4.590700711304305237e+00
4.592268734427570109e+00
4.593091185385671515e+00
4.594657825584374855e+00
4.595480189786898428e+00
4.597050042331134456e+00
4.597870297714075072e+00
4.599438242867268656e+00
4.600259127549467308e+00
4.601829696277337511e+00
4.602649101657753761e+00
4.604216908477522630e+00
4.605037552743981522e+00
4.606607720928193928e+00
4.607427773534375604e+00
4.608994479047453297e+00
4.609816080940880134e+00
4.611384644553750078e+00
4.612206371792662019e+00
4.613770862297593034e+00
4.614594633035694393e+00
4.616160570859929813e+00
4.616985162250486496e+00
4.618546381333056061e+00
4.619373413890370372e+00
4.620935632932662074e+00
4.621764106779375325e+00
4.623320871995531434e+00
4.624152289927685899e+00
4.625709815552592197e+00
4.626543404293564699e+00
4.628094563271389461e+00
4.628931299759120321e+00
4.630482721578610850e+00
4.631322508045508712e+00
4.632866865882245833e+00
4.633710155099328709e+00
4.635254124590301394e+00
4.636100953510786660e+00
4.637636907405232378e+00
4.638487959126920579e+00
4.640022954053773852e+00
4.640878102029305730e+00
4.642403027058541021e+00
4.643261371711897567e+00
4.644783448663309500e+00
4.645645524149815131e+00
4.647154469177523062e+00
4.648017610235949171e+00
4.649519067410856188e+00
4.650381801313726804e+00
4.651861850710162116e+00
4.652717607572152581e+00
4.654177958383402647e+00
4.655018903299004585e+00
4.656433879815439880e+00
4.657238277380346680e+00
4.658592574409468057e+00
4.659331321586249963e+00
4.660568122950579095e+00
4.661175471859560382e+00
4.662218535772800543e+00
4.662581860760022678e+00
4.663261947050694189e+00
4.663170073107568925e+00
4.663218136517037316e+00
4.662288017557614239e+00
4.661149885094075351e+00
4.658640573542847996e+00
4.655338470751967606e+00
4.649919728277523312e+00
4.642609785401921485e+00
4.631750089384466307e+00
4.616959644474861513e+00
4.595875459714444666e+00
4.567054281947569905e+00
4.526827796186388753e+00
4.471792737575230881e+00
4.395578746458194352e+00
4.291125038328101660e+00
4.147192911900392964e+00
3.950660608664811058e+00
3.679600157685360973e+00
3.309105579783324202e+00
2.837500018503553267e+00
2.332996562497158255e+00
1.892347255144312346e+00
