9.355171598823660561e-01
7.952811014509472143e-01
7.784502018883600050e-01
7.914835188133381161e-01
7.580110954694947445e-01
5.803972443679363824e-01
-1.701119706874931747e-02
-1.013948225536909220e+00
-2.297666436400872758e+00
-3.761468699893848466e+00
-5.287798351897087024e+00
-6.793820389620327305e+00
-8.178673990321142284e+00
-9.378413363384373369e+00
-1.036049896786907709e+01
-1.111433724574606252e+01
-1.163746312946136996e+01
-1.222657822309595765e+01
-1.297465414435003339e+01
-1.360815835670146079e+01
-1.379272618480535328e+01
-1.335481904633917516e+01
-1.236916140669649522e+01
-1.105065610646835950e+01
-9.584131834021988539e+00
-7.996108673060486893e+00
-6.265286429179698580e+00
-4.384221261500919731e+00
-2.581297403509312804e+00
-1.012270701466901901e+00
7.749624467311391762e-02
4.954181453355885334e-01
5.681897133474212991e-01
4.410121619187052366e-01
-1.379807178510378818e-01
-1.118933710499032230e+00
-2.391445640533643502e+00
-3.841963596081789056e+00
-5.356348883092772795e+00
-6.851201816281206725e+00
-8.232242192262280156e+00
-9.433839888243923610e+00
-1.043162589233167736e+01
-1.119598509149677668e+01
-1.177083868399561339e+01
-1.246914252037207049e+01
-1.328795868423070559e+01
-1.392119937242868843e+01
-1.404298264886515213e+01
-1.352962367843917235e+01
-1.248687288241202609e+01
-1.114101543279463868e+01
-9.648213010997581662e+00
-8.013477412185189053e+00
-6.209522677578578786e+00
-4.266747293324316459e+00
-2.455034752150502708e+00
-9.610253832773852922e-01
-1.234274476450998169e-04
3.180898430803393850e-01
3.761109151739046030e-01
1.510600056059817065e-01
-5.578817348748046356e-01
-1.623963392913461590e+00
-2.958158840260213918e+00
-4.424791476720452366e+00
-5.933626491870164443e+00
-7.387335926228489669e+00
-8.704877725322038629e+00
-9.824785178344184189e+00
-1.074021532282938374e+01
-1.140575495132670092e+01
-1.196102893307742576e+01
-1.269096619643195645e+01
-1.346914204911573520e+01
-1.396659602557183533e+01
-1.389101781300076510e+01
-1.319880111680353352e+01
-1.203758465221046769e+01
-1.064329046232895593e+01
-9.114609134517404954e+00
-7.448093664141282488e+00
-5.605266558405448407e+00
-3.689860405922691378e+00
-1.969691285717048768e+00
-5.947822484177788249e-01
1.636397087303077535e-01
3.640874842027638780e-01
3.693464017071467209e-01
4.636421529214530650e-03
-8.242169779249690631e-01
-1.977857540689728078e+00
-3.366875195015934352e+00
-4.853846796270385511e+00
-6.360187706705949573e+00
-7.782515802274764027e+00
-9.050445193708711145e+00
-1.011302345816246095e+01
-1.096537530170984809e+01
-1.156947528585796903e+01
-1.216834757266548905e+01
-1.294914573848179806e+01
-1.368439215038102041e+01
-1.403504188678511788e+01
-1.376878274973045713e+01
-1.291482596219804613e+01
-1.166044272158066342e+01
-1.022342206248643492e+01
-8.652103948510459830e+00
-6.933316148040333360e+00
-5.038073833481047537e+00
-3.152678814500930127e+00
-1.517827281751420232e+00
-2.980388886810794169e-01
2.543353014230591569e-01
3.769501056297898667e-01
3.084123071924629311e-01
-2.041745742434359079e-01
-1.137658520702856446e+00
-2.372972305807207416e+00
-3.801829144521362114e+00
-5.302913378082000584e+00
-6.794536808069678635e+00
-8.178149904807607840e+00
-9.387614894846832314e+00
-1.039059458192548924e+01
-1.116811601180676661e+01
-1.172843702958694756e+01
-1.237510966677488433e+01
-1.317102337298840098e+01
-1.382980764795341599e+01
-1.401786282359898905e+01
-1.357471090688733639e+01
-1.258405498824028435e+01
-1.126295657832343089e+01
-9.790108985492137705e+00
-8.182686926519703974e+00
-6.417575416512487863e+00
-4.498888333305797183e+00
-2.672687581709700666e+00
-1.129722466448786378e+00
-8.089994705596434410e-02
3.026722183406318489e-01
3.768821156208268519e-01
2.071612638464591927e-01
-4.438638053135648409e-01
-1.470112266296379477e+00
-2.777087117646416470e+00
-4.234653296631887720e+00
-5.744645677416015062e+00
-7.213792424561217054e+00
-8.556187759134452619e+00
-9.707274217818360640e+00
-1.065522164666346860e+01
-1.135835367195026180e+01
-1.191700792420007105e+01
-1.263445898975837522e+01
-1.343141342070884292e+01
-1.398503491332922799e+01
-1.398767172383547752e+01
-1.336403356599203462e+01
-1.224667548047482057e+01
-1.086960997667135587e+01
-9.354870876708416105e+00
-7.700537134182687815e+00
-5.872929363151769167e+00
-3.943210287928888835e+00
-2.187661034673912042e+00
-7.632549384418761962e-01
7.563668359327753443e-02
3.171990430609656908e-01
3.447249832535392300e-01
3.487458650262877796e-02
-7.507869724001950962e-01
-1.871972116110176998e+00
-3.242272306186112285e+00
-4.722283815173837773e+00
-6.231298394224943138e+00
-7.666623309943419784e+00
-8.954881102818633920e+00
-1.004001350360984901e+01
-1.091869740611760164e+01
-1.154559266484489655e+01
-1.213238091542845254e+01
-1.290384146667785004e+01
-1.366141170457139786e+01
-1.406713426346973783e+01
-1.386646233664448502e+01
-1.306586655433940081e+01
-1.184051122924237553e+01
-1.041682644748535402e+01
-8.858515916466094708e+00
-7.154768147064120676e+00
-5.272165063175845212e+00
-3.369800045204940364e+00
-1.704943367674683241e+00
-4.321063028212727697e-01
1.850782642975778158e-01
3.290573770541810883e-01
2.865899012641511256e-01
-1.834749416202555439e-01
-1.088011483732228779e+00
-2.301305814228121083e+00
-3.720273648281541501e+00
-5.218847149572980904e+00
-6.716522016582297638e+00
-8.113890865491187654e+00
-9.342631339795017809e+00
-1.036735607701134931e+01
-1.116940481414083841e+01
-1.175025221476037807e+01
-1.240774606606791153e+01
-1.321903198042809535e+01
-1.390106471008636646e+01
-1.411937364841399933e+01
-1.370309500873850084e+01
-1.273130960801259803e+01
-1.141647801734114331e+01
-9.944971402324915388e+00
-8.333856428294909691e+00
-6.562033839032815230e+00
-4.628067615459674045e+00
-2.775830531648489252e+00
-1.215669222740187294e+00
-1.399470926465920806e-01
2.706366081448262073e-01
3.588435700648496263e-01
2.107338084405096235e-01
-4.183078382340313373e-01
-1.427910863955806464e+00
-2.723781419588790609e+00
-4.176482372246499430e+00
-5.688142246086270504e+00
-7.165444403136799423e+00
-8.524465389796509029e+00
-9.698530370570340509e+00
-1.067729782099253555e+01
-1.140983204188895783e+01
-1.203559519568971758e+01
-1.283385751642924077e+01
-1.367793524409678518e+01
-1.423107515181548877e+01
-1.420057619950824446e+01
-1.353255724236013258e+01
-1.237619952090030040e+01
-1.096003096182352365e+01
-9.396945963603318575e+00
-7.671839417741376010e+00
-5.765838456312015303e+00
-3.768772276332322591e+00
-1.992140964321124086e+00
-5.970282910095277007e-01
1.950476964000333047e-01
4.186628826933427860e-01
4.297226709077935358e-01
1.759433448180926229e-01
-5.376934456563119413e-01
-1.619428519299442870e+00
-2.967559158097946792e+00
-4.460519239740173170e+00
-5.990049144267716841e+00
-7.462962642980860650e+00
-8.769883828540928405e+00
-9.834435675405007515e+00
-1.059611385456667776e+01
-1.102736351275622084e+01
-1.110829088763315298e+01
-1.084062149519525065e+01
-1.022940451213209201e+01
-9.302245653264536784e+00
-8.096323318387934620e+00
-6.679211943782559224e+00
-5.131671375364722287e+00
-3.557901759409928921e+00
-2.039455780493360848e+00
-6.622014425924026559e-01
4.799755571962889822e-01
1.323618937390552919e+00
1.823506337477326822e+00
2.222404452677876563e+00
2.585147966048585211e+00
2.867175285629766091e+00
3.089699343997337699e+00
3.260662650745995705e+00
3.394871227264930180e+00
3.497122196554675710e+00
3.577329295710277801e+00
3.637818565827384276e+00
3.685533052329953652e+00
3.721083056861273164e+00
3.749452233843749926e+00
3.770204937991110672e+00
3.787182101912291987e+00
3.799290217275046011e+00
3.809565156530115182e+00
3.816573088932476931e+00
3.822934264915740510e+00
3.827013779085810086e+00
3.831078971954884338e+00
3.833420643282823725e+00
3.836156882576365668e+00
3.837532945207292379e+00
3.839481051536434375e+00
3.840262264151505178e+00
3.841760295601365893e+00
3.842241215608171778e+00
3.843465274748124827e+00
3.843737829570879061e+00
3.844807945971852270e+00
3.845001182219189850e+00
3.845970868610995019e+00
3.846085250142129652e+00
3.847001427740786905e+00
3.847109661444953144e+00
3.847984227653680200e+00
3.848055859606157814e+00
3.848910226936550938e+00
3.848999074800741660e+00
3.849832680834259335e+00
3.849899154913333010e+00
3.850723833731735990e+00
3.850814262111527775e+00
3.851625769484422257e+00
3.851698368592754829e+00
3.852504886117198879e+00
3.852603081199861279e+00
3.853399798427893153e+00
3.853481641951852055e+00
3.854274605343379623e+00
3.854381873666828273e+00
3.855166816559699505e+00
3.855258421995579443e+00
3.856040623812731383e+00
3.856157373881619943e+00
3.856932589596504535e+00
3.857033644876319389e+00
3.857805797358541344e+00
3.857931014623912969e+00
3.858697214823056054e+00
3.858806954709537607e+00
3.859570105250647920e+00
3.859703191676596923e+00
3.860461044903009231e+00
3.860578728086250688e+00
3.861333559020462491e+00
3.861473985198124570e+00
3.862224263079860886e+00
3.862349418989398320e+00
3.863096552941365669e+00
3.863243818704744648e+00
3.863987037851458251e+00
3.864119157216921785e+00
3.864859142142315296e+00
3.865012808502893193e+00
3.865749501479976313e+00
3.865888124705787465e+00
3.866621387221805595e+00
3.866780978955323356e+00
3.867511494778842263e+00
3.867656274707337527e+00
3.868383374849675871e+00
3.868548639529467259e+00
3.869273401270972190e+00
3.869423884961944005e+00
3.870145028671180931e+00
3.870315577977777366e+00
3.871034952818241504e+00
3.871190922678981572e+00
3.871906532590209338e+00
3.872082055477639617e+00
3.872796267366851897e+00
3.872957369069143674e+00
3.873667698356227262e+00
3.873847956978333507e+00
3.874557365992129299e+00
3.874723382501551239e+00
3.875428723403171904e+00
3.875613450028795537e+00
3.876318236441295806e+00
3.876488913375949252e+00
3.877189540185740579e+00
3.877378601258194557e+00
3.878079031048518477e+00
3.878254108498379704e+00
3.878950173198078666e+00
3.879143291735740462e+00
3.879839555056018519e+00
3.880018932506527740e+00
3.880710722122916678e+00
3.880907764519768488e+00
3.881600050234907062e+00
3.881783450233888377e+00
3.882471092564236059e+00
3.882671887748773365e+00
3.883360391781458087e+00
3.883547713256018330e+00
3.884231384713935142e+00
3.884435732195347324e+00
3.885120573295439694e+00
3.885311653358310302e+00
3.885991522743634796e+00
3.886199321752708435e+00
3.886880686402615748e+00
3.887075380875555375e+00
3.887751588802777825e+00
3.887962677884144291e+00
3.888640648443587811e+00
3.888838825149837586e+00
3.889511540265369938e+00
3.889725875215346296e+00
3.890400590061782626e+00
3.890602096548610778e+00
3.891271370653426320e+00
3.891488785697221786e+00
3.892160380662430530e+00
3.892365184749583484e+00
3.893031185423633911e+00
3.893251605334584031e+00
3.893920174376180654e+00
3.894128106454767924e+00
3.894790929077037056e+00
3.895014241975879532e+00
3.895679872661597543e+00
3.895890879257037032e+00
3.896550613559721654e+00
3.896776735619444043e+00
3.897439526197152837e+00
3.897653494999953949e+00
3.898310212612361436e+00
3.898539076535162629e+00
3.899199138258588437e+00
3.899416022262222281e+00
3.900069837364930514e+00
3.900301329841041831e+00
3.900958687741759245e+00
3.901178386478496130e+00
3.901829405145926355e+00
3.902063539336158016e+00
3.902718281942315404e+00
3.902940696329003867e+00
3.903588914255000208e+00
3.903825568677407265e+00
3.904477808642593306e+00
3.904702962005115463e+00
3.905348492612916722e+00
3.905587615169120230e+00
3.906237348405647847e+00
3.906465122497337461e+00
3.907108046259583300e+00
3.907349580943841882e+00
3.907996890790022881e+00
3.908227234833194341e+00
3.908867574859050453e+00
3.909111484529467884e+00
3.909756431566829171e+00
3.909989289645948496e+00
3.910627099651504679e+00
3.910873345664143574e+00
3.911515998667454141e+00
3.911751342622870720e+00
3.912386663289652677e+00
3.912635160884074370e+00
3.913275534565393787e+00
3.913513346292314843e+00
3.914146307352500020e+00
3.914397055955509241e+00
3.915035164885323660e+00
3.915275307086388601e+00
3.915905866009050662e+00
3.916158854779976384e+00
3.916794828146180407e+00
3.917037365227777013e+00
3.917665558173333284e+00
3.917920683193309994e+00
3.918554472054305293e+00
3.918799342880578962e+00
3.919425254683449378e+00
3.919682525874005119e+00
3.920314197132430234e+00
3.920561353145810113e+00
3.921184985076042295e+00
3.921444378333611258e+00
3.922073966773772291e+00
3.922323391354699318e+00
3.922944783093078591e+00
3.923206284026018231e+00
3.923833821376319975e+00
3.924085461723171075e+00
3.924704592789861834e+00
3.924968118479606805e+00
3.925593623443402791e+00
3.925847555106110942e+00
3.926464563923634632e+00
3.926730132892407799e+00
3.927353575954329212e+00
3.927609660318842622e+00
3.928224522328935375e+00
3.928492165933703983e+00
3.929113644156134733e+00
3.929371907374212824e+00
3.929984591827754503e+00
3.930254235343518587e+00
3.930873733476458298e+00
3.931134154662940805e+00
3.931744687807824601e+00
3.932016309110879959e+00
3.932633859676157417e+00
3.932896463819931299e+00
3.933504905461851830e+00
3.933778532805092265e+00
3.934394125312175916e+00
3.934658845056249632e+00
3.935265176818912192e+00
3.935540786592823359e+00
3.936154441038518303e+00
3.936421274447847729e+00
3.937025495118935847e+00
3.937303079633333702e+00
3.937914840141736317e+00
3.938183867751597678e+00
3.938786016393611256e+00
3.939065526358866087e+00
3.939675317372338004e+00
3.939946448141319113e+00
3.940546570128957704e+00
3.940828083726087616e+00
3.941435972518241293e+00
3.941709215055393400e+00
3.942307240819606484e+00
3.942590713556203053e+00
3.943196689494143925e+00
3.943472041723425914e+00
3.944067971850139021e+00
3.944353387053610493e+00
3.944957463337893433e+00
3.945234967890902666e+00
3.945828858916225812e+00
3.946116273701341992e+00
3.946718425652592455e+00
3.946998030408795710e+00
3.947589836613495162e+00
3.947879214257106195e+00
3.948479429183217260e+00
3.948761142095809529e+00
3.949350860888309889e+00
3.949642255744143515e+00
3.950240611440857030e+00
3.950524514675000098e+00
3.951112111270416616e+00
3.951405429038772343e+00
3.952001818402870459e+00
3.952287910736550725e+00
3.952873484572292373e+00
3.953168835706805329e+00
3.953763255273610611e+00
3.954051473946943673e+00
3.954634914272592283e+00
3.954932294847985474e+00
3.955524781324976757e+00
3.955815188950925876e+00
3.956396495168287064e+00
3.956695890394629878e+00
3.957286406018402314e+00
3.957579012844953503e+00
3.958158169811528015e+00
3.958459634843102037e+00
3.959048166839096883e+00
3.959343016401781767e+00
3.959920021908286625e+00
3.960223534677453472e+00
3.960810024376458571e+00
3.961107100109027890e+00
3.961681951428449366e+00
3.961987624172569777e+00
3.962572116253356036e+00
3.962871461933773709e+00
3.963444035400046417e+00
3.963751788836642920e+00
3.964334224736482337e+00
3.964635935387662347e+00
3.965206304695601425e+00
3.965516212109930549e+00
3.966096515312939719e+00
3.966400538314745372e+00
3.966968637975578194e+00
3.967280756411828868e+00
3.967858942080207729e+00
3.968165315125671277e+00
3.968731058888749441e+00
3.969045397528217833e+00
3.969621439749281944e+00
3.969930235498981830e+00
3.970493627041065121e+00
3.970810215812198951e+00
3.971384023357847681e+00
3.971695292470994954e+00
3.972256287504143391e+00
3.972575182022199058e+00
3.973146732512338630e+00
3.973460514589374437e+00
3.974019093134143699e+00
3.974340381068101724e+00
3.974909626139351726e+00
3.975225940700093386e+00
3.975781967462685085e+00
3.976105656654628895e+00
3.976672574321365783e+00
3.976991538421203565e+00
3.977544988052963415e+00
3.977871121552477796e+00
3.978435571196250464e+00
3.978757217054212703e+00
3.979308042412268875e+00
3.979636723313193958e+00
3.980198687006065494e+00
3.980523071401921520e+00
3.981071162011411868e+00
3.981402453450856527e+00
3.981961853402222751e+00
3.982289044110115750e+00
3.982834338381457506e+00
3.983168297495231602e+00
3.983725037581574924e+00
3.984055149478542557e+00
3.984597555366643284e+00
3.984934265381921303e+00
3.985488267461574363e+00
3.985821390989652269e+00
3.986360861069675909e+00
3.986700442413008805e+00
3.987251612880671203e+00
3.987587789042107200e+00
3.988124110129444677e+00
3.988466628208009457e+00
3.989014891305625365e+00
3.989354319716342800e+00
3.989887443712615500e+00
3.990232987870578896e+00
3.990778128116828860e+00
3.991120865245555205e+00
3.991650655887222676e+00
3.991999393375694982e+00
3.992541353057800446e+00
3.992887534433911867e+00
3.993413837050670878e+00
3.993765881833587716e+00
3.994304479495671245e+00
3.994654239504190407e+00
3.995176927978380199e+00
3.995532447724884140e+00
3.996067554211133466e+00
3.996421057829467216e+00
3.996939905146226657e+00
3.997299027197291021e+00
3.997830483021643566e+00
3.998187977927569303e+00
3.998702880067314780e+00
3.999065791028078909e+00
3.999593353518078764e+00
3.999954901836690446e+00
4.000465528419121064e+00
4.000832443903703073e+00
4.001355965299397965e+00
4.001721903683379544e+00
4.002228082632290906e+00
4.002599172976318620e+00
4.003118318683286603e+00
4.003488830581435565e+00
4.003990297445023216e+00
4.004365867488402841e+00
4.004880413293195218e+00
4.005255756182754645e+00
4.005752184433194252e+00
4.006132475925486602e+00
4.006642082401411287e+00
4.007022589707685434e+00
4.007513695521621067e+00
4.007899054307523024e+00
4.008403401275602462e+00
4.008789363192870603e+00
4.009274676932593096e+00
4.009665429553009197e+00
4.010164187958032755e+00
4.010556163241411731e+00
4.011035357441180338e+00
4.011431884127338421e+00
4.011924485855810296e+00
4.012322704016551000e+00
4.012795213091411739e+00
4.013198033528727393e+00
4.013684062235785888e+00
4.014089144963379319e+00
4.014554433213540996e+00
4.014964021750324186e+00
4.015442822550417290e+00
4.015855289488564850e+00
4.016312664060416537e+00
4.016729648518472473e+00
4.017200569690069223e+00
4.017621107485833676e+00
4.018069755146481015e+00
4.018494736964629332e+00
4.018956851154281473e+00
4.019386201580370077e+00
4.019825232421966987e+00
4.020258967157963603e+00
4.020711189010068409e+00
4.021149896248981115e+00
4.021578037321203780e+00
4.022021472283749510e+00
4.022462650576272836e+00
4.022911764147546698e+00
4.023326737026180488e+00
4.023779142596227487e+00
4.024205503138495565e+00
4.024663244890833269e+00
4.025060284927847398e+00
4.025519006377106912e+00
4.025923335108055667e+00
4.026383425151897733e+00
4.026749977981296524e+00
4.027202591425879774e+00
4.027564655305740260e+00
4.028004661835277389e+00
4.028305317141389175e+00
4.028708318400532562e+00
4.028964051396712875e+00
4.029303887576620724e+00
4.029426296086944248e+00
4.029634786307940253e+00
4.029580840444027423e+00
4.029549284960416422e+00
4.029117441348912365e+00
4.028631111314329161e+00
4.027586039738309864e+00
4.026267676406157570e+00
4.024024597406921089e+00
4.021130954228379295e+00
4.016746635275994848e+00
4.010953043787036876e+00
4.002552738873240479e+00
3.991328359039329143e+00
3.975480921030324133e+00
3.954054196307128954e+00
3.924180119282291823e+00
3.883632417634119705e+00
3.827591549224907741e+00
3.751098080236180632e+00
3.645669989707222225e+00
3.501511578874393571e+00
3.304083036536534568e+00
3.032863322907413117e+00
2.661526651503591356e+00
2.189842500680434068e+00
1.684610204734244387e+00
1.243980165268675941e+00
