7.798827408093125246e-01
6.166204629981086871e-01
4.824944531267147951e-01
4.196331548842572867e-01
4.575917735771224404e-01
6.230095736579314147e-01
9.168648400368102358e-01
1.319488935393211326e+00
1.790726210298450694e+00
2.290713111318266826e+00
2.764207329112607692e+00
3.175041783119577410e+00
3.505710214639939259e+00
3.749874136923921686e+00
3.895402385536795187e+00
3.933666539734494982e+00
3.848135090355541799e+00
3.671182586365338452e+00
3.261874434781819154e+00
2.475740049568728729e+00
1.371168918017423355e+00
1.342477081481328605e-01
-1.018191699604843015e+00
-1.931399389506295527e+00
-2.549136474979007971e+00
-2.903390476025735190e+00
-3.066928526048704917e+00
-3.090013526092271867e+00
-2.968171290174744570e+00
-2.642630191689975927e+00
-2.054674475577808135e+00
-1.196414924997762919e+00
-1.618161548614513723e-01
8.705038127550071003e-01
1.674518088848660158e+00
2.095198902926968199e+00
2.122956154169144405e+00
1.971842754502465489e+00
1.741103590347670593e+00
1.288176915194038541e+00
5.319456415411665251e-01
-4.325412948694537518e-01
-1.577607014045332212e+00
-2.830337617896135693e+00
-4.131117504194740775e+00
-5.436193567586354192e+00
-6.696387280331388858e+00
-7.863504491785121786e+00
-8.905880980554599091e+00
-9.799979649975506746e+00
-1.055019284078529296e+01
-1.113335006194412635e+01
-1.156872118312600506e+01
-1.205244856138927467e+01
-1.265574379192475618e+01
-1.327335098685945702e+01
-1.371874484767514879e+01
-1.382475797118262406e+01
-1.351904342862309427e+01
-1.283124061966443641e+01
-1.187433194019431859e+01
-1.076398190381111775e+01
-9.576692373019181304e+00
-8.302386303113829413e+00
-6.940891681585481976e+00
-5.460857474362360797e+00
-3.937816089439855283e+00
-2.522104064691804481e+00
-1.256458059668709604e+00
-2.983460850981254353e-01
2.135475815197817318e-01
3.704402593090324047e-01
4.037522916903215631e-01
2.662073938807476003e-01
-1.937203062548599197e-01
-9.277742457286280997e-01
-1.864791969897931834e+00
-2.969325260247902332e+00
-4.151059830033219100e+00
-5.376265995490262739e+00
-6.585344906263306264e+00
-7.737194442161461794e+00
-8.783282311593929137e+00
-9.704172265767409655e+00
-1.048608644648678734e+01
-1.112352179986594258e+01
-1.159536743411892168e+01
-1.208603502145567532e+01
-1.269934373546310979e+01
-1.335984243586540998e+01
-1.388130598964785634e+01
-1.408859251773792209e+01
-1.388033599393076578e+01
-1.327132536801405038e+01
-1.235491103209020380e+01
-1.125877618407283975e+01
-1.006520572078662035e+01
-8.788624697352034332e+00
-7.403748538182075123e+00
-5.912782323475544999e+00
-4.328797160805777366e+00
-2.842725526230392763e+00
-1.533850267736531547e+00
-5.008661227048332165e-01
1.084043295778072680e-01
3.207666305279064933e-01
3.769458346545244143e-01
2.917299597043389037e-01
-1.004378175508472415e-01
-7.886788746143477136e-01
-1.684280142297234661e+00
-2.762552600301071415e+00
-3.929775410672775582e+00
-5.148944506296718515e+00
-6.361693937710835911e+00
-7.527084186472841942e+00
-8.592938617923534750e+00
-9.539413039067229150e+00
-1.034615658579769715e+01
-1.101620513953252534e+01
-1.151203648585129535e+01
-1.199715521211247626e+01
-1.260288282731044163e+01
-1.327556390565493238e+01
-1.383704494567995624e+01
-1.410591045146032485e+01
-1.396486460076647873e+01
-1.341463858834869249e+01
-1.253662804139330511e+01
-1.146156943636298209e+01
-1.027696268767862442e+01
-9.012926405351880277e+00
-7.636058365159660077e+00
-6.156075691643634329e+00
-4.566635224919625813e+00
-3.046679871979847576e+00
-1.706601117216400176e+00
-6.237360394523064899e-01
5.321411675728739826e-02
3.111060018214782397e-01
3.820231723290436476e-01
3.294858506712239898e-01
-1.348005251156747693e-02
-6.663912796418930418e-01
-1.532373343332924076e+00
-2.589097188147381878e+00
-3.745850515775087874e+00
-4.959254854224983688e+00
-6.174356762276046240e+00
-7.348236178499074178e+00
-8.428150575429084412e+00
-9.391959386875919691e+00
-1.021599462919967216e+01
-1.090756774426906262e+01
-1.142213610883065478e+01
-1.189677019148195569e+01
-1.248693800891575556e+01
-1.315958126503749881e+01
-1.374779638161887974e+01
-1.406454417121666900e+01
-1.398054429735496207e+01
-1.348164394096603935e+01
-1.263959525889772983e+01
-1.158451972075406289e+01
-1.041027628937133365e+01
-9.158669963197752395e+00
-7.795275080420709379e+00
-6.329933531045513817e+00
-4.747511710477507307e+00
-3.206227676682015026e+00
-1.839883124616252585e+00
-7.141350601370949347e-01
2.331722294998822553e-02
3.267852455302258652e-01
4.108877845935542394e-01
3.839268283428906581e-01
8.678327914097386242e-02
-5.311666904935824496e-01
-1.369964669799318413e+00
-2.404923439254381012e+00
-3.552358187346874363e+00
-4.760152411817410112e+00
-5.978249776884045907e+00
-7.160478716295978430e+00
-8.255361360399360748e+00
-9.236808744397340121e+00
-1.008005574536529991e+01
-1.079277709813523245e+01
-1.132997406931119677e+01
-1.180143749642436113e+01
-1.238106832400436907e+01
-1.305441988460362168e+01
-1.366665157132534070e+01
-1.402618328311148588e+01
-1.399465811434523488e+01
-1.354350862592860061e+01
-1.273635878633060337e+01
-1.170037106293225904e+01
-1.053581861762044269e+01
-9.293345597877326725e+00
-7.940932792431382836e+00
-6.485053070498514316e+00
-4.909228409591596787e+00
-3.347000826260395190e+00
-1.956008744055069082e+00
-7.943009559281409837e-01
-3.639974478849487220e-03
3.452128012251840516e-01
4.437538037910239153e-01
4.377220643728441107e-01
1.828203043565383712e-01
-3.996508079094210908e-01
-1.212660403318687186e+00
-2.224840291505772782e+00
-3.362416554112462652e+00
-4.563411517867921319e+00
-5.783234281872935867e+00
-6.971821161330880479e+00
-8.080161807822396014e+00
-9.077226423131762090e+00
-9.938738236649127700e+00
-1.067008497103931042e+01
-1.123003591576953042e+01
-1.170082583122746023e+01
-1.227030716944540067e+01
-1.294209778478103168e+01
-1.357431494175727771e+01
-1.397174782701208073e+01
-1.398877311468258000e+01
-1.358242333720183659e+01
-1.280910600059317161e+01
-1.179122430755642448e+01
-1.063575849031635201e+01
-9.400024225598231808e+00
-8.057561185399087833e+00
-6.608588885669476554e+00
-5.039717116937808328e+00
-3.458223771693592852e+00
-2.041584289694206245e+00
-8.456364878787178130e-01
-3.431871552322718344e-03
3.941921201414834708e-01
5.108262614126565238e-01
5.247562022702617623e-01
3.177519394362673943e-01
-2.187967389382613759e-01
-1.000277430306522275e+00
-1.982259468780219080e+00
-3.106164235700796361e+00
-4.297621464946002057e+00
-5.518670077356109260e+00
-6.714809125321369088e+00
-7.840930016370432298e+00
-8.859671389475423098e+00
-9.748736093012123405e+00
-1.050816489518679653e+01
-1.110110916041539220e+01
-1.159367400225909073e+01
-1.218054716673258930e+01
-1.287110165920304539e+01
-1.353156727397794334e+01
-1.396225014591466618e+01
-1.401599854980118920e+01
-1.363969978597982724e+01
-1.288822046773738172e+01
-1.187820911484246267e+01
-1.072289307415544179e+01
-9.480431355444800090e+00
-8.130838948325532556e+00
-6.663528729597834044e+00
-5.078027185211928973e+00
-3.456098878171370625e+00
-2.001095109874683420e+00
-7.757784213261120776e-01
1.068473439326842328e-01
5.515485761386168528e-01
6.949778866708937741e-01
7.331360615641200340e-01
5.940136866716952957e-01
1.441153648225024508e-01
-5.811114227575318036e-01
-1.504693419524868681e+00
-2.598833704874664807e+00
-3.770911690813580464e+00
-4.992744310288959042e+00
-6.204496397474316360e+00
-7.370671601590051303e+00
-8.442857342392622755e+00
-9.408530643903842972e+00
-1.024511196189271800e+01
-1.092359064237812305e+01
-1.158386983449512542e+01
-1.236985601892971864e+01
-1.320946101860291932e+01
-1.393473660906078138e+01
-1.434299657682193896e+01
-1.432395419290678085e+01
-1.385622952764480154e+01
-1.302941724994095907e+01
-1.195653508088505745e+01
-1.074286122426651424e+01
-9.412452753787535542e+00
-7.940687660693248162e+00
-6.297906229612584283e+00
-4.542259919999612983e+00
-2.764313371903480920e+00
-1.231907951995681039e+00
-4.663568297143387553e-02
7.570862424561666248e-01
1.182850461183749147e+00
1.384487992803463019e+00
1.458906841426103274e+00
1.403426114775198519e+00
1.164905704720213819e+00
6.076058909867266822e-01
-1.754482056054501304e-01
-1.166206120741480889e+00
-2.302102195882048452e+00
-3.535325666690975144e+00
-4.827264160373532675e+00
-6.155002545338571274e+00
-7.448530709923764093e+00
-8.693374971486440117e+00
-1.004700947564731450e+01
-1.154817310514095396e+01
-1.305847780681594195e+01
-1.436649417442695587e+01
-1.527622718424132131e+01
-1.568905607621921838e+01
-1.560287644216248459e+01
-1.509984036039290878e+01
-1.426848266442105562e+01
-1.317078921430834804e+01
-1.180118210903499687e+01
-1.013658592664048186e+01
-8.163305049472526775e+00
-5.954634710678755383e+00
-3.656128002778536334e+00
-1.532322123518797818e+00
1.876555314640784566e-01
1.378078257747664237e+00
2.088080191679523079e+00
2.653810216934269217e+00
3.149646372612630252e+00
3.547279731699579663e+00
3.855649652709409736e+00
4.095802904901094443e+00
4.282185780381458251e+00
4.426722816002205185e+00
4.538793732759513588e+00
4.625115574821997200e+00
4.691891381796754246e+00
4.742704969484461408e+00
4.781854414373992945e+00
4.810984605233993072e+00
4.833244921748680589e+00
4.849071667387795159e+00
4.860947742218506562e+00
4.868566635926232955e+00
4.874034787926371237e+00
4.876575963000399305e+00
4.878078415398315215e+00
4.877461645177413985e+00
4.876494174979271179e+00
4.873901781249443843e+00
4.871392648122153446e+00
4.867563648216735928e+00
4.864091883266683070e+00
4.859486673066076179e+00
4.855411100060538665e+00
4.850316039296909132e+00
4.845861400460226065e+00
4.840458228800763152e+00
4.835767059577743332e+00
4.830170485502222277e+00
4.825330960867048269e+00
4.819612247274253747e+00
4.814679675582969054e+00
4.808884527321128033e+00
4.803894456546562886e+00
4.798052327522587035e+00
4.793026800942656429e+00
4.787155865744166405e+00
4.782108539499149380e+00
4.776220691233367788e+00
4.771160386553142452e+00
4.765263187160988956e+00
4.760195354735052398e+00
4.754293726916476004e+00
4.749221613607239156e+00
4.743318577306492756e+00
4.738244382251614262e+00
4.732342149309496371e+00
4.727267077040225196e+00
4.721366877432412679e+00
4.716291696275659362e+00
4.710394412586754065e+00
4.705319521125937321e+00
4.699425745016857725e+00
4.694351519757222313e+00
4.688461741819826223e+00
4.683388171552135049e+00
4.677502445550121735e+00
4.672429588378454568e+00
4.666548218709705154e+00
4.661476136850069452e+00
4.655599242138316107e+00
4.650528089399010412e+00
4.644656086055295674e+00
4.639585725916822057e+00
4.633718171707986500e+00
4.628648439675086657e+00
4.622785455633958485e+00
4.617716300763454740e+00
4.611857903194809261e+00
4.606789365640989509e+00
4.600935552036024667e+00
4.595867446335069495e+00
4.590018107105451328e+00
4.584950448267291812e+00
4.579105621074339716e+00
4.574038317003367382e+00
4.568197955997013615e+00
4.563131055788836932e+00
4.557295157502048610e+00
4.552228533920381182e+00
4.546397014591684105e+00
4.541330709773559349e+00
4.535503580341805119e+00
4.530437464461319230e+00
4.524614591805277364e+00
4.519548726212656575e+00
4.513730126170295343e+00
4.508664402039062047e+00
4.502850026125746474e+00
4.497784487084757643e+00
4.491974237625433908e+00
4.486908701275710953e+00
4.481102474886475839e+00
4.476037057955764453e+00
4.470234919157708653e+00
4.465169547731719035e+00
4.459371368798038304e+00
4.454306024872900061e+00
4.448511730465035008e+00
4.443446282046354057e+00
4.437655750055972348e+00
4.432590263984478973e+00
4.426803573839340089e+00
4.421737998011197490e+00
4.415954978679774712e+00
4.410889276169774220e+00
4.405109895989757440e+00
4.400043965946284885e+00
4.394268087040277493e+00
4.389201976935156679e+00
4.383429620518263903e+00
4.378363242819357737e+00
4.372594273488141781e+00
4.367527664603524151e+00
4.361762085052065530e+00
4.356695114120989309e+00
4.350932756146736580e+00
4.345865458816580151e+00
4.340106321710711867e+00
4.335038631055017966e+00
4.329282597555556222e+00
4.324214521206753759e+00
4.318461592112222469e+00
4.313393035815173526e+00
4.307643024691631517e+00
4.302573968765781132e+00
4.296826873832620741e+00
4.291757263281162693e+00
4.286013004278663274e+00
4.280942907615260751e+00
4.275201458031059332e+00
4.270130720539912161e+00
4.264391902140260093e+00
4.259320529859132343e+00
4.253584341872013397e+00
4.248512269572865208e+00
4.242778661886302594e+00
4.237705958097603975e+00
4.231974853211458054e+00
4.226901340236232762e+00
4.221172577110520407e+00
4.216098319559253405e+00
4.210371948884062299e+00
4.205296854864513989e+00
4.199572740648715552e+00
4.194496831577570362e+00
4.188774932653332783e+00
4.183698105347916751e+00
4.177978344461719118e+00
4.172900657700642668e+00
4.167183017816823210e+00
4.162104366904149089e+00
4.156388689459896035e+00
4.151309100142794861e+00
4.145595406052847487e+00
4.140514768503160248e+00
4.134802964098037492e+00
4.129721355191666277e+00
4.124011410530763477e+00
4.118928690894740008e+00
4.113220464808472698e+00
4.108136690063523666e+00
4.102430239491440922e+00
4.097345355720104720e+00
4.091640546545347590e+00
4.086554542904044851e+00
4.080851354435521827e+00
4.075764126091007356e+00
4.070062442860328922e+00
4.064974063153003137e+00
4.059273967179218623e+00
4.054184375098107473e+00
4.048485677267413152e+00
4.043394852865781708e+00
4.037697579837795203e+00
4.032605477072916500e+00
4.026909539079704281e+00
4.021816179995085783e+00
4.016121572720121158e+00
4.011026873178593632e+00
4.005333490568524724e+00
4.000237514209791456e+00
3.994545427099166712e+00
3.989448108286492989e+00
3.983757144870660127e+00
3.978658484806059548e+00
3.972968672858645522e+00
3.967868630339288494e+00
3.962179891548385235e+00
3.957078470374705059e+00
3.951390832862222258e+00
3.946288015178107678e+00
3.940601350941058900e+00
3.935497138925243110e+00
3.929811484034826385e+00
3.924705826700937816e+00
3.919021095575347058e+00
3.913914079488871600e+00
3.908230357651666598e+00
3.903121867086267294e+00
3.897438959300989492e+00
3.892328995156579818e+00
3.886646943806927101e+00
3.881535500827377749e+00
3.875854297374461410e+00
3.870741466270242626e+00
3.865061115499149214e+00
3.859946772787604008e+00
3.854267122982360405e+00
3.849151319863385101e+00
3.843472471095590759e+00
3.838355146777934213e+00
3.832676963316580032e+00
3.827558171970590895e+00
3.821880734512621558e+00
3.816760465637222488e+00
3.811083709901388783e+00
3.805962001211649071e+00
3.800285910426354441e+00
3.795162656687152580e+00
3.789487145043333172e+00
3.784362440274601003e+00
3.778687627522187675e+00
3.773561410364374868e+00
3.767887148635139294e+00
3.762759454748142218e+00
3.757085788616111088e+00
3.751956577500694223e+00
3.746283450055833519e+00
3.741152804859288139e+00
3.735480299133646209e+00
3.730348158015103888e+00
3.724676168364913220e+00
3.719542565225590458e+00
3.713871105577986054e+00
3.708735969997031479e+00
3.703064961644149555e+00
3.697928387159983288e+00
3.692257970630798525e+00
3.687119957289617833e+00
3.681449998436423510e+00
3.676310546945833035e+00
3.670641090637222437e+00
3.665500150289218606e+00
3.659831127415399621e+00
3.654688756066284849e+00
3.649020247896215707e+00
3.643876420824756934e+00
3.638208311019010655e+00
3.633063090314236465e+00
3.627395503159913215e+00
3.622248880840451601e+00
3.616581691426024037e+00
3.611433651605520545e+00
3.605766926580972420e+00
3.600617461113021722e+00
3.594951146099652384e+00
3.589800327105590050e+00
3.584134486556458388e+00
3.578982260558593254e+00
3.573316769164340378e+00
3.568163189222812726e+00
3.562498187515676928e+00
3.557343272468923789e+00
3.551678681255451497e+00
3.546522446897708125e+00
3.540858314104704974e+00
3.535700707406197463e+00
3.530036926558072885e+00
3.524878014676545046e+00
3.519214687633906546e+00
3.514054449646822675e+00
3.508391507606545279e+00
3.503230004638020922e+00
3.497567526669999705e+00
3.492404737527586622e+00
3.486742634349635050e+00
3.481578603903038527e+00
3.475916987330226249e+00
3.470751672741284377e+00
3.465090407288715202e+00
3.459923857099305167e+00
3.454263021515312282e+00
3.449095236601527059e+00
3.443434805236545326e+00
3.438265875053437171e+00
3.432605936599462115e+00
3.427435770865364884e+00
3.421776178667395474e+00
3.416604821701493044e+00
3.410945718171492835e+00
3.405773199704218435e+00
3.400114484516788327e+00
3.394940837065069328e+00
3.389282594603957754e+00
3.384107792060121245e+00
3.378449943501336428e+00
3.373274057072395138e+00
3.367616709965017385e+00
3.362439696619096807e+00
3.356782748763940560e+00
3.351604647358663591e+00
3.345948191883125311e+00
3.340769012277430061e+00
3.335112952023941091e+00
3.329932727360938038e+00
3.324277185520920330e+00
3.319095921956684681e+00
3.313440807515538378e+00
3.308258543409687835e+00
3.302603946869860696e+00
3.297420659486215211e+00
3.291766504075157140e+00
3.286582240261840315e+00
3.280928591469027378e+00
3.275743331253298418e+00
3.270090088562430886e+00
3.264903887073645983e+00
3.259251221966284806e+00
3.254064103688211862e+00
3.248411906469323096e+00
3.243223854545017382e+00
3.237572184235919970e+00
3.232383196049670282e+00
3.226731989131996325e+00
3.221542148193576427e+00
3.215891513897587206e+00
3.210700776899635400e+00
3.205050579436631963e+00
3.199858999637065882e+00
3.194209411007187249e+00
3.189017007089479439e+00
3.183367911635816228e+00
3.178174671815641616e+00
3.172526163783072839e+00
3.167332095638975442e+00
3.161684053593506682e+00
3.156489220489531178e+00
3.150841789140712113e+00
3.145646172543992591e+00
3.139999241606128422e+00
3.134802887291423534e+00
3.129156599951631534e+00
3.123959520963037750e+00
3.118313744497586804e+00
3.113115941994704983e+00
3.107470793737360903e+00
3.102272261845954837e+00
3.096627598137673854e+00
3.091428380583610913e+00
3.085784370908368324e+00
3.080584498613159639e+00
3.074941069658541526e+00
3.069740572712170490e+00
3.064097784875902786e+00
3.058896602184166813e+00
3.053254332964080220e+00
3.048052532206579901e+00
3.042410952759079468e+00
3.037208574744427292e+00
3.031567541823159129e+00
3.026364544282968971e+00
3.020724157160937562e+00
3.015520579043680538e+00
3.009880804011597188e+00
3.004676714595954312e+00
2.999037651233958268e+00
2.993832992295780926e+00
2.988194470450955542e+00
2.982989281738992915e+00
2.977351431540902649e+00
2.972145727218663325e+00
2.966508465811632078e+00
2.961302276201909667e+00
2.955665733812691265e+00
2.950459071561215119e+00
2.944823135796822200e+00
2.939616035163038710e+00
2.933980814716128371e+00
2.928773243041822738e+00
2.923138607881023976e+00
2.917930608308437090e+00
2.912296677013663349e+00
2.907088248586839896e+00
2.901454924001475533e+00
2.896246118125277658e+00
2.890613566670173551e+00
2.885404395293437396e+00
2.879772437673767005e+00
2.874562864642378646e+00
2.868931632513003205e+00
2.863721706402013734e+00
2.858091095112430757e+00
2.852880860058559342e+00
2.847250977931927274e+00
2.842040380349028172e+00
2.836411077159791905e+00
2.831200152487326260e+00
2.825571641576145598e+00
2.820360465410191253e+00
2.814732583867030957e+00
2.809521113150781346e+00
2.803893949764826310e+00
2.798682202085347015e+00
2.793055627786007467e+00
2.787843609783194676e+00
2.782217784088350410e+00
2.777005521854757131e+00
2.771380306614548594e+00
2.766167825951822756e+00
2.760543381845486088e+00
2.755330726224809013e+00
2.749706889483767291e+00
2.744494007708645711e+00
2.738870890320381779e+00
2.733657818435225817e+00
2.728035290419982495e+00
2.722822050677343952e+00
2.717200277800433827e+00
2.711986892065486376e+00
2.706365723729722728e+00
2.701152195310295046e+00
2.695531769736510430e+00
2.690318107561771033e+00
2.684698261261684316e+00
2.679484476902725731e+00
2.673865347654392099e+00
2.668651480329409686e+00
2.663032929673906146e+00
2.657818935721857123e+00
2.652201086009079667e+00
2.646986999370329663e+00
2.641369724731979396e+00
2.636155620796874821e+00
2.630539088809496384e+00
2.625324951644461891e+00
2.619708936681215405e+00
2.614494729105520943e+00
2.608879384148003133e+00
2.603665164347205074e+00
2.598050373665607538e+00
2.592836148596979307e+00
2.587222015046389156e+00
2.582007778060347203e+00
2.576394171400572475e+00
2.571179989532013987e+00
2.565567067326232742e+00
2.560352921960694417e+00
2.554740455894079609e+00
2.549526316664947778e+00
2.543914478518714883e+00
2.538700434686250063e+00
2.533089119378090448e+00
2.527875166635364490e+00
2.522264479620503153e+00
2.517050608497656050e+00
2.511440342835451478e+00
2.506226564413472246e+00
2.500616908380538295e+00
2.495403289144496828e+00
2.489794028945954807e+00
2.484580525329756817e+00
2.478971842923125113e+00
2.473758494732864577e+00
2.468150182165590234e+00
2.462936974872187434e+00
2.457329197212430483e+00
2.452116227569514084e+00
2.446508822072743339e+00
2.441296041891319657e+00
2.435689135382552273e+00
2.430476593369149452e+00
2.424869989998802211e+00
2.419657665219618004e+00
2.414051541255555655e+00
2.408839513042430269e+00
2.403233641012326505e+00
2.398021836527552519e+00
2.392416411558229594e+00
2.387204989843402902e+00
2.381599818192309037e+00
2.376388684617951164e+00
2.370783858731284610e+00
2.365573061386579745e+00
2.359968415464444469e+00
2.354757976774340289e+00
2.349153724404808852e+00
2.343943750853020980e+00
2.338339632962291414e+00
2.333130001447325963e+00
2.327526126141354457e+00
2.322316957162743112e+00
2.316713163267986264e+00
2.311504461963454382e+00
2.305900924577413136e+00
2.300692749821406036e+00
2.295089217752031452e+00
2.289881509705208540e+00
2.284278132501927239e+00
2.279071002881163377e+00
2.273467558345520612e+00
2.268260995052951312e+00
2.262657670079895933e+00
2.257451765568212032e+00
2.251848291892048604e+00
2.246642990912135485e+00
2.241039540824600440e+00
2.235834944504652810e+00
2.230231266254201650e+00
2.225027342740833358e+00
2.219423596076735894e+00
2.214220453990225490e+00
2.208616404071093609e+00
2.203414065737551830e+00
2.197809893846788043e+00
2.192608408775711393e+00
2.187003766096284885e+00
2.181803069571614628e+00
2.176198188641389031e+00
2.170998482214583358e+00
2.165393095568090231e+00
2.160194351973541593e+00
2.154588631112795305e+00
2.149390919995433968e+00
2.143784458767222123e+00
2.138587718332656262e+00
2.132980756337187422e+00
2.127785198763993080e+00
2.122177439613437411e+00
2.116983017294826297e+00
2.111374625625381807e+00
2.106181478918228933e+00
2.100572080916701445e+00
2.095380141092535009e+00
2.089769909475885257e+00
2.084579377184982540e+00
2.078967964700434212e+00
2.073778771593958403e+00
2.068166340435538597e+00
2.062978674793663370e+00
2.057364833588558817e+00
2.052178601719878426e+00
2.046563462105885467e+00
2.041378881654826394e+00
2.035762042418038043e+00
2.030578981424392193e+00
2.024960575540694752e+00
2.019779303239131796e+00
2.014158836482361270e+00
2.008979137223628531e+00
2.003356606939635576e+00
1.998178613190086717e+00
1.992553467205468776e+00
1.987377032621388873e+00
1.981749263942430561e+00
1.976574475734600878e+00
1.970943328244878723e+00
1.965769718925555631e+00
1.960134777418958363e+00
1.954962145760833270e+00
1.949322376664617940e+00
1.944150048745277637e+00
1.938504762652777602e+00
1.933332073889132197e+00
1.927679404727395740e+00
1.922504764603211846e+00
1.916842993400312389e+00
1.911664694666736386e+00
1.905990647584913100e+00
1.900805570082430451e+00
1.895115532528142133e+00
1.889919516621614504e+00
1.884207257599253449e+00
1.878993697418385622e+00
1.873251360431527957e+00
1.868011265774600860e+00
1.862226499574149541e+00
1.856945880243576541e+00
1.851101769755069570e+00
1.845760861597031122e+00
1.839832121336649529e+00
1.834401734056753330e+00
1.828352859708593625e+00
1.822790638390330065e+00
1.816568474705763991e+00
1.810811761607204806e+00
1.804340834228280954e+00
1.798300235003958081e+00
1.791470391452951505e+00
1.785013565580225503e+00
1.777663814049444513e+00
1.770597747052100823e+00
1.762492989880138916e+00
1.754537034201441026e+00
1.745337811968958430e+00
1.736082477157013804e+00
1.725288376961440662e+00
1.714130787424947844e+00
1.701012709551961599e+00
1.687075886827448024e+00
1.670569766555017654e+00
1.652568749469479181e+00
1.631113185325523851e+00
1.607160946537503410e+00
1.578470512473206577e+00
1.545819135064347316e+00
1.506577839163821153e+00
1.461238162080751302e+00
1.406624169822470405e+00
1.342814131038853276e+00
1.265888219910543677e+00
1.175356106989381200e+00
1.065434691974614489e+00
9.342397862843079270e-01
