1.163912792175543220e+00
1.347107451209916817e+00
1.807170399778007974e+00
2.389255588184405088e+00
2.911280172087670426e+00
3.174915365865062178e+00
3.115580938212835882e+00
2.688379654173057798e+00
1.939889480119677323e+00
7.758053357469345546e-01
-1.271443313071076275e+00
-4.043028518722956655e+00
-6.841695217596258871e+00
-9.048728315679634093e+00
-1.048579672831303711e+01
-1.193965237527172363e+01
-1.401858891073077906e+01
-1.628653602790426547e+01
-1.775800670605863019e+01
-1.767546930576957465e+01
-1.612161864454749249e+01
-1.394663195457023086e+01
-1.210151268194184659e+01
-1.086187975244062365e+01
-9.499906398043046707e+00
-7.385153373819168365e+00
-4.867773738753401247e+00
-2.616580318612226730e+00
-1.341161858447042832e+00
-1.056929613450269034e+00
-1.284646532318998169e+00
-2.415251778010719441e+00
-4.595549386087531829e+00
-7.155378359789979825e+00
-9.412207665333328421e+00
-1.091280949610442264e+01
-1.214351140516051508e+01
-1.392321205680248397e+01
-1.614342800221203333e+01
-1.791232183522883403e+01
-1.831794491072184172e+01
-1.712966916701473252e+01
-1.500004066655237978e+01
-1.292576688534678020e+01
-1.148630982125246014e+01
-1.023763158766661263e+01
-8.340344802267106061e+00
-5.848373243616286743e+00
-3.394996053563985150e+00
-1.701688375840344047e+00
-1.120402517939639520e+00
-1.146143363878537658e+00
-1.855617011174844233e+00
-3.685993452375968538e+00
-6.176881680944198649e+00
-8.602977256411147522e+00
-1.038267670000014142e+01
-1.155003271388381769e+01
-1.297771514312048957e+01
-1.506814252936955434e+01
-1.716459119761029228e+01
-1.823900770039956143e+01
-1.766743106203715996e+01
-1.575966517316632931e+01
-1.347772992145666038e+01
-1.170871914190771435e+01
-1.046001854798699249e+01
-8.867218639646658573e+00
-6.538447279940531764e+00
-3.944768343366991559e+00
-1.766769010755438796e+00
-6.831147064360670873e-01
-4.702407328461071234e-01
-9.376156706233461646e-01
-2.485100605321659994e+00
-4.691711068710762156e+00
-6.736677186355442437e+00
-7.991770921771196079e+00
-8.356185112343920807e+00
-8.162279537599266277e+00
-7.774142247313885257e+00
-7.215435807481029862e+00
-6.148939112056823753e+00
-4.255383552555469961e+00
-1.603873806284353609e+00
1.230318854889107083e+00
3.519037498492953997e+00
4.924610348757935796e+00
5.882825876997251235e+00
6.649042993996390649e+00
7.188951475767076715e+00
7.583429043726934715e+00
7.858372572417410495e+00
8.057916450489285509e+00
8.195415479605953735e+00
8.295502024075817715e+00
8.363306431433407795e+00
8.413251495310380079e+00
8.446391351531845615e+00
8.471504028465252745e+00
8.487534275846204679e+00
8.500241249273287281e+00
8.507869971042261170e+00
8.514446865548475074e+00
8.517946240127677981e+00
8.521426668372694024e+00
8.522965468776451559e+00
8.524939251972805110e+00
8.525509119239695011e+00
8.526660406718750806e+00
8.526800365599628506e+00
8.527573221724852104e+00
8.527507302495981989e+00
8.528028861752455114e+00
8.527891732532701496e+00
8.528307986327641643e+00
8.528137375589770031e+00
8.528446597024515796e+00
8.528283792573995825e+00
8.528558045322100156e+00
8.528398935785528323e+00
8.528604901463987531e+00
8.528465073083854264e+00
8.528654366417185884e+00
8.528525420498548115e+00
8.390966093427529415e+00
7.993037494413577804e+00
7.387994085062760341e+00
6.661320559915290040e+00
5.934823552773140776e+00
5.329572628438095094e+00
4.931824214729984668e+00
4.794058915993564263e+00
4.794086881554724400e+00
4.794030801646540496e+00
4.794053564549776603e+00
4.794012603158073205e+00
4.793999470434300747e+00
4.793973680749404664e+00
4.793957926852231211e+00
4.793950206301301975e+00
4.793903108581734074e+00
4.793911585570983291e+00
4.793863641118117691e+00
4.793893183645386635e+00
4.793817035711533059e+00
4.793863387318452851e+00
4.793786534205766614e+00
4.793855760694680335e+00
4.793751117304910991e+00
4.793835611941554831e+00
4.793726316247618691e+00
4.793831458905803977e+00
4.793688606113691186e+00
4.793801104500484023e+00
4.793639868037054441e+00
4.793759222992038715e+00
4.793542073435379969e+00
4.793641339704724835e+00
4.793365653793451919e+00
4.793425240491034245e+00
4.793025444688876036e+00
4.792978242196056726e+00
4.792399130027121146e+00
4.792163407983407453e+00
4.791256474675223309e+00
4.790651537446540154e+00
4.789205473631771071e+00
4.787946453285082171e+00
4.785544270902864383e+00
4.783100724593006170e+00
4.779067542464546570e+00
4.774537945417485219e+00
4.767617699674739917e+00
4.759349362316369181e+00
4.747379490753236730e+00
4.732524638168079889e+00
4.711654687086532789e+00
4.685076951861198324e+00
4.648434869611979714e+00
4.601012916500074823e+00
4.536441695540848862e+00
4.452142836488802047e+00
4.338340703005133747e+00
4.188977090018750182e+00
3.988541143888317819e+00
3.725454413859107472e+00
3.373066755211786116e+00
2.908621407694918393e+00
2.329018973762134515e+00
1.745640062447076257e+00
1.315960765596971838e+00
