1.597265296594340134e+00
1.456466855825166551e+00
1.439788545522668883e+00
1.452273480210666268e+00
1.418958296900117988e+00
1.240769059729075918e+00
6.434634987864814581e-01
-3.540834467548059639e-01
-1.637710103924221006e+00
-3.102148505255473143e+00
-4.628437460940853398e+00
-6.135118833846148867e+00
-7.519911704382811202e+00
-8.720278858651003162e+00
-9.702283612688693992e+00
-1.045670871454217554e+01
-1.097969559747592605e+01
-1.156935363842882225e+01
-1.231727131490978522e+01
-1.295127102910087835e+01
-1.313560755714888906e+01
-1.269814083770830671e+01
-1.171224562248322343e+01
-1.039416707039355536e+01
-8.927378078305199693e+00
-7.339777917235649873e+00
-5.608769362553550408e+00
-3.728252361481190658e+00
-1.925310244517772329e+00
-3.570191422704712680e-01
7.325583436925233727e-01
1.149597348424819643e+00
1.222053698374310216e+00
1.093864274953546989e+00
5.143428278128262532e-01
-4.678313015290351817e-01
-1.741153248522555375e+00
-3.193232241186376275e+00
-4.709022352348517515e+00
-6.206172089834139705e+00
-7.589804527829791425e+00
-8.795159152140502812e+00
-9.797952676793086013e+00
-1.056607840371659002e+01
-1.115370298939943794e+01
-1.187453434389893836e+01
-1.270518312573738484e+01
-1.333548010053533517e+01
-1.344130076310664457e+01
-1.291054962206379741e+01
-1.185405611570275219e+01
-1.050078182757878409e+01
-8.999747792459833917e+00
-7.352644191842681032e+00
-5.530591311105703234e+00
-3.572672416815501073e+00
-1.756171791458285059e+00
-2.736016058664597073e-01
6.674743793934196923e-01
9.749838166244823023e-01
1.036073234572949975e+00
7.978654201234098853e-01
7.621613042333254262e-02
-9.994128356782151501e-01
-2.339829792960175237e+00
-3.810760666466602942e+00
-5.323377890658711920e+00
-6.782254202802439735e+00
-8.106621388887186086e+00
-9.241660389450004232e+00
-1.017493179853552832e+01
-1.086332754869641448e+01
-1.152509971649292453e+01
-1.237114571680385033e+01
-1.318518700063925309e+01
-1.362672560536904420e+01
-1.344235754476086697e+01
-1.264356984399895190e+01
-1.140495987141434675e+01
-9.951781897276761768e+00
-8.347742323650463092e+00
-6.576947419069812284e+00
-4.621005312852324742e+00
-2.641000574364535058e+00
-9.400480708881584491e-01
3.327118893443201109e-01
9.641445427014386782e-01
1.111885589457486834e+00
1.084826336127991064e+00
7.283363044448127877e-01
-8.568705278765985367e-02
-1.237856156758173842e+00
-2.633074564332202883e+00
-4.141589049555940427e+00
-5.667566615597325885e+00
-7.109289781704381639e+00
-8.364594451759737481e+00
-9.361016278890094355e+00
-1.004558847457066051e+01
-1.039453219020599839e+01
-1.039134128078439545e+01
-1.004102237951619792e+01
-9.350672981589465138e+00
-8.353414116075102314e+00
-7.089025913793379097e+00
-5.633625392867384285e+00
-4.068608670906407099e+00
-2.503401925118718285e+00
-1.006989886911015208e+00
3.185256749981120739e-01
1.399579542228958751e+00
2.154543229516759695e+00
2.604881938678277553e+00
3.001905551630996261e+00
3.344141440668365828e+00
3.611147452578055805e+00
3.819129544930717213e+00
3.980794282492245095e+00
4.105623570145323420e+00
4.202123465880787556e+00
4.276255096189305327e+00
4.333251628315277770e+00
4.376937377402962959e+00
4.410311583665417423e+00
4.435927000780462315e+00
4.455327784596134322e+00
4.470325036731342294e+00
4.481510753549513559e+00
4.490295887419653020e+00
4.496667587394074239e+00
4.501837571475786781e+00
4.505395086023217921e+00
4.508472426378518527e+00
4.510395041578332709e+00
4.512271110676643993e+00
4.513238439570532279e+00
4.514423965325046417e+00
4.514839288918842009e+00
4.515638835954999486e+00
4.515732346392638874e+00
4.516314117635578107e+00
4.516223115637963303e+00
4.516688711833540815e+00
4.516487708744004514e+00
4.516890108810092563e+00
4.516628417925115713e+00
4.517002849202406800e+00
4.516702431742940504e+00
4.517061817803680768e+00
4.516740986929976387e+00
4.517098759790624918e+00
4.516762890527477481e+00
4.517119615979259706e+00
4.516776635933518413e+00
4.517138290654352240e+00
4.516787773305972031e+00
4.517150941095416705e+00
4.516797668068402771e+00
4.517166503013541501e+00
4.516808192315346915e+00
4.517177873695625401e+00
4.516818090058842827e+00
4.517192464508402949e+00
4.516828719219190269e+00
4.517202715217569775e+00
4.516838175634143582e+00
4.517216141401944718e+00
4.516848380543079244e+00
4.517224621279444463e+00
4.516856341999607061e+00
4.517235246909931057e+00
4.516864208434212991e+00
4.517240503184305922e+00
4.516869401849374910e+00
4.517247677926897076e+00
4.516874487266898441e+00
4.517249368969837420e+00
4.516876742013819168e+00
4.524252508615323798e+00
4.544029666664144429e+00
4.574936663718588647e+00
4.611071025585717464e+00
4.647952172960045480e+00
4.678113661753310559e+00
4.698634372273494897e+00
4.705262503055254619e+00
4.705633590375115638e+00
4.705263355950973114e+00
4.705629776512546769e+00
4.705262026184977131e+00
4.705629494153981796e+00
4.705263296865856759e+00
4.705625520414398189e+00
4.705262549508611336e+00
4.705625831122152825e+00
4.705265291280047002e+00
4.705622409239050619e+00
4.705265189968542039e+00
4.705622760929259130e+00
4.705268802105162074e+00
4.705619468446481157e+00
4.705269031685949344e+00
4.705619161317939891e+00
4.705271985088287146e+00
4.705613725580069406e+00
4.705270291788240300e+00
4.705610427966875342e+00
4.705270204186272842e+00
4.705599086837291445e+00
4.705260578330809906e+00
4.705584881213379589e+00
4.705248145108656743e+00
4.705557071415856996e+00
4.705218764110995266e+00
4.705517112478356800e+00
4.705174871623981403e+00
4.705447895975185091e+00
4.705094389722129122e+00
4.705343024832499665e+00
4.704969547039467237e+00
4.705167115531897259e+00
4.704750864997245152e+00
4.704881079038518266e+00
4.704392153006804911e+00
4.704397525475417119e+00
4.703769504153657799e+00
4.703573098690555732e+00
4.702692781047801418e+00
4.702125087444883889e+00
4.700781445233031874e+00
4.699574009423032273e+00
4.697385024856944646e+00
4.694985164859490467e+00
4.691211994927361850e+00
4.686644961539699672e+00
4.679961651315949211e+00
4.671389320024792013e+00
4.659271648739722771e+00
4.643230400881042108e+00
4.620906013345948971e+00
4.590859464843286553e+00
4.549427586425139225e+00
4.493213233319352184e+00
4.415853111815810195e+00
4.310294339642036121e+00
4.165306788473795763e+00
3.967777669249019645e+00
3.695787845142717298e+00
3.324439117382424591e+00
2.852060092652117351e+00
2.346865610040106631e+00
1.905604335204219790e+00
