5.451105346507117311e+00
5.448907363997482989e+00
5.443703437705607051e+00
5.436781602385000411e+00
5.425319566202065680e+00
5.410324469109253798e+00
5.388171058845799166e+00
5.359287928579722582e+00
5.318756244939097932e+00
5.265937437997170179e+00
5.193792327231562922e+00
5.099731092104809349e+00
4.973107985550052845e+00
4.807836852173055675e+00
4.587326987632517117e+00
4.299380667314918192e+00
3.923008659728254077e+00
3.485449945131377625e+00
2.839289820358212868e+00
1.832605179615928837e+00
5.152049692410686221e-01
-9.354479682886774894e-01
-2.309058447241478351e+00
-3.451880385966656029e+00
-4.300536701546372242e+00
-4.871933982551261089e+00
-5.219788518187096216e+00
-5.377756290828796359e+00
-5.332740049859015841e+00
-5.027462897854195312e+00
-4.412534133486374799e+00
-3.492789617180100947e+00
-2.374014228410446847e+00
-1.243943962823314875e+00
-3.350128509468876525e-01
1.928688200862545832e-01
3.262437496335038323e-01
2.758925233070054772e-01
1.384984119892495036e-01
-2.306596788492493999e-01
-9.142399089155850422e-01
-1.818350647992728275e+00
-2.915789084261455777e+00
-4.133633786747000549e+00
-5.411481984586879790e+00
-6.704354899653630184e+00
-7.961266652977219138e+00
-9.132158977111551224e+00
-1.018335515318721995e+01
-1.108966695558147286e+01
-1.185393810033684403e+01
-1.245192166471396256e+01
-1.290185603793710456e+01
-1.339925703815882940e+01
-1.401467681483615912e+01
-1.464264285024244394e+01
-1.509640950343993815e+01
-1.520911359726155254e+01
-1.490864604782243319e+01
-1.422531781993626865e+01
-1.327244148454785488e+01
-1.216625763193902010e+01
-1.098327216398933892e+01
-9.713711688177223635e+00
-8.357172964139628846e+00
-6.882656933140373745e+00
-5.365566103814717103e+00
-3.956851211632157472e+00
-2.699248449858369536e+00
-1.750865593645969831e+00
-1.250641250243927916e+00
-1.102555136914384448e+00
-1.077050846811640206e+00
-1.244664276205256659e+00
-1.747623010403343446e+00
-2.511024278716087910e+00
-3.479650000889283668e+00
-4.604165895578121948e+00
-5.801169809328400540e+00
-7.034654098572727499e+00
-8.245347425053207502e+00
-9.390170460218326909e+00
-1.042320100515864922e+01
-1.132484554347034411e+01
-1.208396010241785490e+01
-1.269539219858523005e+01
-1.313908821545399697e+01
-1.359711477419412695e+01
-1.417830165862741509e+01
-1.480803017539618693e+01
-1.530381065858248135e+01
-1.548926431458183650e+01
-1.526568020734584152e+01
-1.464605175887519550e+01
-1.372714838722786190e+01
-1.263428752511768849e+01
-1.145268040721291491e+01
-1.019228271508428207e+01
-8.837652097711236721e+00
-7.377447646538162651e+00
-5.834299671341309335e+00
-4.386887064117916957e+00
-3.088917212333984086e+00
-2.062822650273131941e+00
-1.465701337307042440e+00
-1.266354388518939000e+00
-1.220943431441495308e+00
-1.327772177085966510e+00
-1.754164232864794393e+00
-2.467797548258304996e+00
-3.388123855421998787e+00
-4.485259012113720800e+00
-5.665358529073779792e+00
-6.893734822080798352e+00
-8.109465840505480472e+00
-9.272345357930024790e+00
-1.032952538855040459e+01
-1.126313747473086480e+01
-1.205210436279688402e+01
-1.270338369141557244e+01
-1.317663185365026202e+01
-1.362750734194467661e+01
-1.419714507645348434e+01
-1.484016707163496029e+01
-1.538350071902625871e+01
-1.564447667033519451e+01
-1.550336758512986357e+01
-1.495636426995105062e+01
-1.408392797249781481e+01
-1.301593057985760105e+01
-1.184329828252915817e+01
-1.059614460743244990e+01
-9.247557958788100052e+00
-7.800648226949330244e+00
-6.246355357508865502e+00
-4.760109278988299053e+00
-3.426363203417895242e+00
-2.335971914038564634e+00
-1.651453924802463114e+00
-1.393293969691310030e+00
-1.328383331478962814e+00
-1.389996720099942795e+00
-1.749917533392082891e+00
-2.417640222300962982e+00
-3.297613140839985135e+00
-4.367253518159751380e+00
-5.533277270242257906e+00
-6.754872487419041782e+00
-7.974369952091996616e+00
-9.149978850540962938e+00
-1.022715298300419207e+01
-1.118562394956718720e+01
-1.199963118992102729e+01
-1.268076257064119616e+01
-1.318246016501473861e+01
-1.362628803779901077e+01
-1.417961355188931805e+01
-1.482449273091799391e+01
-1.540155768293115557e+01
-1.572308329203367983e+01
-1.565370182912229424e+01
-1.517198280860279525e+01
-1.434477149542775720e+01
-1.330165412458775087e+01
-1.214008363350592923e+01
-1.090609388028776472e+01
-9.569549592426975337e+00
-8.137908561644540129e+00
-6.588092083498387375e+00
-5.073589958170127368e+00
-3.710174536041385362e+00
-2.567535963633748253e+00
-1.806728497168970549e+00
-1.488657215619898944e+00
-1.405702727132081442e+00
-1.433937122108999596e+00
-1.733831599193864426e+00
-2.356703542018413255e+00
-3.200858932798777534e+00
-4.242436759256152712e+00
-5.395932897868783940e+00
-6.610036597383431634e+00
-7.833066730796899080e+00
-9.019223389386500145e+00
-1.011547429496113892e+01
-1.109632998251662883e+01
-1.193501030410277686e+01
-1.264200074565876086e+01
-1.317401758479586960e+01
-1.361500986532957036e+01
-1.415141522457586554e+01
-1.479290745916794769e+01
-1.539682526616354785e+01
-1.577193956157797494e+01
-1.577042718902733043e+01
-1.535228321294375675e+01
-1.457192826746525505e+01
-1.355480926101240513e+01
-1.240567539859097401e+01
-1.118311331006338527e+01
-9.860131404647436426e+00
-8.441953225253104875e+00
-6.902639353439171899e+00
-5.364373806972079883e+00
-3.972655836963397302e+00
-2.783897249914245364e+00
-1.951606366581866814e+00
-1.569060853024440538e+00
-1.464512214131888035e+00
-1.465593267196180660e+00
-1.706527034788687613e+00
-2.279613847312423669e+00
-3.087487975361134396e+00
-4.096955130034282355e+00
-5.236320868183462096e+00
-6.440833735209053224e+00
-7.666188688298722020e+00
-8.861373846096451956e+00
-9.976949805655936032e+00
-1.098027552155221365e+01
-1.184610012114457867e+01
-1.257940455216471065e+01
-1.314552879796169726e+01
-1.359392881947362852e+01
-1.412118192078620282e+01
-1.476190775355303231e+01
-1.539067435453723398e+01
-1.581420373857551809e+01
-1.587562349784855797e+01
-1.551706429420655198e+01
-1.478242028733619229e+01
-1.379012180653248265e+01
-1.265233268295208013e+01
-1.143628806668660580e+01
-1.012283597522675471e+01
-8.709680334027057214e+00
-7.177392143025707050e+00
-5.613067199934159035e+00
-4.189721786891469790e+00
-2.960516128788141188e+00
-2.063403428695816721e+00
-1.614256848815275314e+00
-1.481879504082208365e+00
-1.458991425901130956e+00
-1.638642963151304421e+00
-2.149783348358246471e+00
-2.915504722662723758e+00
-3.884050642819690591e+00
-5.003543681982960400e+00
-6.194288403797617804e+00
-7.419200226358039885e+00
-8.622498392825503899e+00
-9.759261777089843548e+00
-1.078914768233890520e+01
-1.168926772799023972e+01
-1.245711104952359527e+01
-1.306533158488279689e+01
-1.354222525948538447e+01
-1.408814096776513836e+01
-1.474902381617772384e+01
-1.541113625768333684e+01
-1.587778489720313324e+01
-1.598913838167416124e+01
-1.567394764086732728e+01
-1.497207733445400990e+01
-1.399384571834368884e+01
-1.285876190970492061e+01
-1.163575808980430715e+01
-1.031576029285311691e+01
-8.882469161871563657e+00
-7.333286496874974247e+00
-5.722930024295365570e+00
-4.251570749632205271e+00
-2.986087840335498456e+00
-2.037412024739935656e+00
-1.525533095851084209e+00
-1.355336797219443223e+00
-1.305394728874281984e+00
-1.410006564089622438e+00
-1.815279827723113248e+00
-2.510887065904866766e+00
-3.409017135758977357e+00
-4.487621623828878192e+00
-5.653894421871047626e+00
-6.874219967246257390e+00
-8.092731502632881657e+00
-9.269937379687045009e+00
-1.035910182225655696e+01
-1.134069763938752828e+01
-1.219955776705446127e+01
-1.289695003591771005e+01
-1.354301798189695383e+01
-1.430749646052455226e+01
-1.514444191028868936e+01
-1.589868069284242580e+01
-1.636216208892728474e+01
-1.641080085324701088e+01
-1.600563175432121810e+01
-1.522587422039466354e+01
-1.418165508175131428e+01
-1.298724975308821605e+01
-1.167599441500994750e+01
-1.023267362060891905e+01
-8.615829128007588267e+00
-6.878815538180967692e+00
-5.092288917774957291e+00
-3.512481264178506812e+00
-2.274076161158275600e+00
-1.407453776271362811e+00
-9.308625141708913864e-01
-7.056476132153458591e-01
-6.112364351920912542e-01
-6.475747646782042954e-01
-8.454734678089901312e-01
-1.354387515187917446e+00
-2.107644015159869433e+00
-3.066410053263376678e+00
-4.186905032645475977e+00
-5.406997481129000249e+00
-6.695255650685261628e+00
-8.021612525944648908e+00
-9.329939412094695683e+00
-1.057820191589199155e+01
-1.191851890884943543e+01
-1.341266758073833287e+01
-1.494118495427175475e+01
-1.629452783817071904e+01
-1.727114164519368700e+01
-1.775631893790356841e+01
-1.773782736050783981e+01
-1.728798913666765102e+01
-1.649952686386515310e+01
-1.543749935955613317e+01
-1.410633612806501880e+01
-1.247996978187273776e+01
-1.054313912659492303e+01
-8.353667467993814100e+00
-6.051113325029811918e+00
-3.880776832595840720e+00
-2.095462323774469393e+00
-8.215516140100048714e-01
-5.879835458090405115e-02
5.183032661145031694e-01
1.030831515766183148e+00
1.446430691603449503e+00
1.772053424797318533e+00
2.026091636273823493e+00
2.226030046529225537e+00
2.382115336207746292e+00
2.505715672768767721e+00
2.602354353584479529e+00
2.679584342106840378e+00
2.740107318258628410e+00
2.789162895939323317e+00
2.827737714038732530e+00
2.859645952514878520e+00
2.884833497421180226e+00
2.906250620528941120e+00
2.923231780357673504e+00
2.938207319836215081e+00
2.950148854155920208e+00
2.961159815821631902e+00
2.969993775055642438e+00
2.978549433555052417e+00
2.985457516924236110e+00
2.992488767403680416e+00
2.998204107584461209e+00
3.004288191197881819e+00
3.009264173697951961e+00
3.014756882368489155e+00
3.019272577405469171e+00
3.024394721094861627e+00
3.028625420272379021e+00
3.033516281884167221e+00
3.037571327625798734e+00
3.042316321665902823e+00
3.046262718999183772e+00
3.050915131925538315e+00
3.054795062022378715e+00
3.059388738339670510e+00
3.063229100890451750e+00
3.067785137720676847e+00
3.071602048820364583e+00
3.076133271652170542e+00
3.079937143384844145e+00
3.084452040515121674e+00
3.088249212663872090e+00
3.092752837385902787e+00
3.096547403376805896e+00
3.101043009221753799e+00
3.104837252281319238e+00
3.109326906518176781e+00
3.113122576301076361e+00
3.117607614249374937e+00
3.121405468122847360e+00
3.125886634046405987e+00
3.129687294486475757e+00
3.134165189675069296e+00
3.137968945640677187e+00
3.142443947947569871e+00
3.146251122844809345e+00
3.150723429766302264e+00
3.154533867387413704e+00
3.159003564644653483e+00
3.162817479266301746e+00
3.167284830224166736e+00
3.171102175274600476e+00
3.175567307539965078e+00
3.179388425543177465e+00
3.183851487854235440e+00
3.187675855251822732e+00
3.192136644736788487e+00
3.195964331278090320e+00
3.200422968341405827e+00
3.204253892281545113e+00
3.208710427209166660e+00
3.212544592147517086e+00
3.216999012084843734e+00
3.220836231671701189e+00
3.225288544401441637e+00
3.229128844945207799e+00
3.233579106807135339e+00
3.237422395815503506e+00
3.241870669688819540e+00
3.245716953121823067e+00
3.250163248953211514e+00
3.254012396422552467e+00
3.258456744407100647e+00
3.262308792614374564e+00
3.266751216285642911e+00
3.270605999245329354e+00
3.275046542756128609e+00
3.278904100936788080e+00
3.283342780621250068e+00
3.287203040505330076e+00
3.291639908967952000e+00
3.295502812108888957e+00
3.299937808582065646e+00
3.303803228311475326e+00
3.308236457500155936e+00
3.312104496680902788e+00
3.316536012119895460e+00
3.320406543399618382e+00
3.324836323195919707e+00
3.328709303974444200e+00
3.333137329795624826e+00
3.337012640395017105e+00
3.341438977893802065e+00
3.345316737721857336e+00
3.349741451515798385e+00
3.353621504646180362e+00
3.358044546649253004e+00
3.361926897255624880e+00
3.366348294594027735e+00
3.370232820636475779e+00
3.374652610491111648e+00
3.378539376048993681e+00
3.382957580436788625e+00
3.386846464054097172e+00
3.391263115379392179e+00
3.395154180801354116e+00
3.399569271356823297e+00
3.403462363493055420e+00
3.407875916110798542e+00
3.411771076171649320e+00
3.416183132455052451e+00
3.420080277079739606e+00
3.424490852177465072e+00
3.428390029118802307e+00
3.432799130929860443e+00
3.436700176174078969e+00
3.441107777671736034e+00
3.445010743504600459e+00
3.449416909347204907e+00
3.453321746692968208e+00
3.457726535037534354e+00
3.461633257684426646e+00
3.466036617953037968e+00
3.469945084546127934e+00
3.474347029079705163e+00
3.478257292921163479e+00
3.482657854809097397e+00
3.486569883950034754e+00
3.490969125224375524e+00
3.494882901288871135e+00
3.499280755334618576e+00
3.503196152994965118e+00
3.507592675870312871e+00
3.511509780077934462e+00
3.515904975331718862e+00
3.519823690715867759e+00
3.524217584928871716e+00
3.528137924473020881e+00
3.532530503084409190e+00
3.536452411977708543e+00
3.540843730853454829e+00
3.544767235424323371e+00
3.549157290575242651e+00
3.553082279361979179e+00
3.557471088030659701e+00
3.561397612439288540e+00
3.565785152116823120e+00
3.569713148602135622e+00
3.574099495596475329e+00
3.578028985359427150e+00
3.582414087937413338e+00
3.586344961882864446e+00
3.590728864660885034e+00
3.594661208994357704e+00
3.599043945417118362e+00
3.602977661650486496e+00
3.607359216257516987e+00
3.611294324050243087e+00
3.615674673729270872e+00
3.619611086728697469e+00
3.623990290866441200e+00
3.627928116083784182e+00
3.632306197493159861e+00
3.636245288452691238e+00
3.640622215718037680e+00
3.644562623293107873e+00
3.648938424508281209e+00
3.652880083566561797e+00
3.657254770320486070e+00
3.661197712676024896e+00
3.665571273415312525e+00
3.669515421643037900e+00
3.673887904242760349e+00
3.677833342487378587e+00
3.682204754130608215e+00
3.686151346628055325e+00
3.690521677729999617e+00
3.694469475223715715e+00
3.698838745168142150e+00
3.702787686047187332e+00
3.707155881420711729e+00
3.711106015838957717e+00
3.715473189321683911e+00
3.719424427441146097e+00
3.723790557226475784e+00
3.727742936162326437e+00
3.732108029557569484e+00
3.736061486913680785e+00
3.740425612364426833e+00
3.744380255694913284e+00
3.748743362219114417e+00
3.752699014396561950e+00
3.757061076495156193e+00
3.761017790958142371e+00
3.765378860382343706e+00
3.769336644212934573e+00
3.773696786326058650e+00
3.777655656358593905e+00
3.782014804146909714e+00
3.785974629901198263e+00
3.790332810072587044e+00
3.794293692777500393e+00
3.798650895015399431e+00
3.802612715366024077e+00
3.806968958518593293e+00
3.810931808115052277e+00
3.815287143937517111e+00
3.819250974288125100e+00
3.823605405430729132e+00
3.827570193226840001e+00
3.831923656581666560e+00
3.835889335580364268e+00
3.840241902980225497e+00
3.844208593865764634e+00
3.848560244913038275e+00
3.852527810627170535e+00
3.856878548932968442e+00
3.860847036439392088e+00
3.865196868688767218e+00
3.869166231132135092e+00
3.873515201388819662e+00
3.877485510031388749e+00
3.881833598763888560e+00
3.885804763285208185e+00
3.890151976053142668e+00
3.894124011032673582e+00
3.898470312704618301e+00
3.902443142788559527e+00
3.906788589727743233e+00
3.910762341213107618e+00
3.915106971534757285e+00
3.919081532280225932e+00
3.923425315637986355e+00
3.927400716265607272e+00
3.931743632715069214e+00
3.935719805275954997e+00
3.940061871288628392e+00
3.944038890183264368e+00
3.948380119739773875e+00
3.952357884058697923e+00
3.956698309240295419e+00
3.960676919362760451e+00
3.965016551016753876e+00
3.968995889514930653e+00
3.973334679874270581e+00
3.977314802549374750e+00
3.981652775768541819e+00
3.985633634377101053e+00
3.989970814444895542e+00
3.993952451351162836e+00
3.998288822764965111e+00
4.002271131161597495e+00
4.006606712166648876e+00
4.010589807251251138e+00
4.014924628682847718e+00
4.018908426149913282e+00
4.023242475152882136e+00
4.027227018495365130e+00
4.031560269177066225e+00
4.035545457894982313e+00
4.039877931862604576e+00
4.043863836717534355e+00
4.048195536182621623e+00
4.052182100313940438e+00
4.056513058014219020e+00
4.060500338856145142e+00
4.064830546298211722e+00
4.068818452538333297e+00
4.073147913668194064e+00
4.077136540369219020e+00
4.081465242272899197e+00
4.085454461290364492e+00
4.089782409018819287e+00
4.093772267669340437e+00
4.098099481236649133e+00
4.102089961824201048e+00
4.106416493673576973e+00
4.110407664003593808e+00
4.114733441794410140e+00
4.118725152824496583e+00
4.123050174943073465e+00
4.127042548886249662e+00
4.131366872496979425e+00
4.135359808276978910e+00
4.139683425483281276e+00
4.143676984226683402e+00
4.147999887014062637e+00
4.151993994005659161e+00
4.156316211794774063e+00
4.160310942853628902e+00
4.164632448222083561e+00
4.168627711473193997e+00
4.172948501732829385e+00
4.176944360457343741e+00
4.181264468238889087e+00
4.185260829610642830e+00
4.189580246139444242e+00
4.193577201949096889e+00
4.197895948831162904e+00
4.201893416300763739e+00
4.206211489876666043e+00
4.210209527716649802e+00
4.214526923160225813e+00
4.218525460207777300e+00
4.222842186469617509e+00
4.226841256030798633e+00
4.231157304995833535e+00
4.235156814641197975e+00
4.239472204874235928e+00
4.243472295850398979e+00
4.247787064742325924e+00
4.251787630767603687e+00
4.256101720186718396e+00
4.260102787146701431e+00
4.264416208107864925e+00
4.268417726429253989e+00
4.272730533471492897e+00
4.276732568984253469e+00
4.281044722308472217e+00
4.285047150077395450e+00
4.289358668524270612e+00
4.293361633215728723e+00
4.297672549396718722e+00
4.301675936966493197e+00
4.305986195200243394e+00
4.309990067494410049e+00
4.314299694787672834e+00
4.318303941868975926e+00
4.322612965693333642e+00
4.326617692704895823e+00
4.330926100822586555e+00
4.334931204873160304e+00
4.339239008169634815e+00
4.343244608834235798e+00
4.347551835116997054e+00
4.351557800342031435e+00
4.355864411031718397e+00
4.359870821250902750e+00
4.364176826415502752e+00
4.368183552348264165e+00
4.372488958776284740e+00
4.376496137426077127e+00
4.380800983301684326e+00
4.384808545028558768e+00
4.389112830552535094e+00
4.393120805915555316e+00
4.397424481282135034e+00
4.401432758214912866e+00
4.405735852290191268e+00
4.409744561740398971e+00
4.414047134111892312e+00
4.418056149591405912e+00
4.422358119478854377e+00
4.426367504073315473e+00
4.430668922106024255e+00
4.434678652248229547e+00
4.438979553478749729e+00
4.442989693824652697e+00
4.447290035063402591e+00
4.451300431966822124e+00
4.455600222807430733e+00
4.459610970064809443e+00
4.463910230015729397e+00
4.467921252690121747e+00
4.472219980278975271e+00
4.476231378967933772e+00
4.480529603228680990e+00
4.484541282815365015e+00
4.488839005611858113e+00
4.492851031814982576e+00
4.497148230639757216e+00
4.501160490495104582e+00
4.505457185169166934e+00
4.509469768455277361e+00
4.513765964548072773e+00
4.517778784059634845e+00
4.522074500251233253e+00
4.526087685911788228e+00
4.530382953532082979e+00
4.534396349738333498e+00
4.538691104621753070e+00
4.542704804349843251e+00
4.546999104105972300e+00
4.551013017685122009e+00
4.555306883316076139e+00
4.559321094780816708e+00
4.563614479743332453e+00
4.567628847450937890e+00
4.571921758608957553e+00
4.575936464684756899e+00
4.580228998402829710e+00
4.584243905539218567e+00
4.588535996779583570e+00
4.592551151381961461e+00
4.596842821786440325e+00
4.600858120289913700e+00
4.605149357019722167e+00
4.609164927890920360e+00
4.613455772022239998e+00
4.617471492071336669e+00
4.621761943031232001e+00
4.625777942199496451e+00
4.630068059168211292e+00
4.634084202076006243e+00
4.638373914646493290e+00
4.642390273214097363e+00
4.646679629663194255e+00
4.650696102665277998e+00
4.654985109182049108e+00
4.659001833003298287e+00
4.663290522656771131e+00
4.667307360597500399e+00
4.671595710011058777e+00
4.675612775539166321e+00
4.679900823253316133e+00
4.683917986030034619e+00
4.688205723526093216e+00
4.692223081679808949e+00
4.696510551538889189e+00
4.700527995885190435e+00
4.704815147769131123e+00
4.708832771127153372e+00
4.713119655282065779e+00
4.717137357169912448e+00
4.721424030242534542e+00
4.725441951418836162e+00
4.729728420084861717e+00
4.733746365833541248e+00
4.738032575448854367e+00
4.742050668531995861e+00
4.746336690996058927e+00
4.750354843430850238e+00
4.754640675817205064e+00
4.758658963898802163e+00
4.762944619246961331e+00
4.766962949527240312e+00
4.771248484398507017e+00
4.775266978562899389e+00
4.779552388886493475e+00
4.783570851761319354e+00
4.787856098661024795e+00
4.791874682594045254e+00
4.796159879089080036e+00
4.800178509808698202e+00
4.804463636490781120e+00
4.808482381330954958e+00
4.812767445144150003e+00
4.816786146472882280e+00
4.821071167914010580e+00
4.825089988842656830e+00
4.829375040536232788e+00
4.833393796688193689e+00
4.837678822335885087e+00
4.841697671411284709e+00
4.845982747811927283e+00
4.850001527391319733e+00
4.854286626358993217e+00
4.858305462113437834e+00
4.862590695952778042e+00
4.866609475676562546e+00
4.870894809199270981e+00
4.874913631709149264e+00
4.879199121657238791e+00
4.883217828962690632e+00
4.887503453459530967e+00
4.891522196391406396e+00
4.895808060693194186e+00
4.899826662690225376e+00
4.904112694530398997e+00
4.908131317980399366e+00
4.912417686873299161e+00
4.916436180993038363e+00
4.920722804047516163e+00
4.924741241422899485e+00
4.929028185639357851e+00
4.933046450616997092e+00
4.937333741582135005e+00
4.941352010828507169e+00
4.945639771566753495e+00
4.949657837658853587e+00
4.953945951800990066e+00
4.957963898710642248e+00
4.962252507662014089e+00
4.966270227467118659e+00
4.970559341196632452e+00
4.974576979903906349e+00
4.978866678370191146e+00
4.982884033059895579e+00
4.987174265888072888e+00
4.991191462165728510e+00
4.995482357568472587e+00
4.999499225935000624e+00
5.003790783535659870e+00
5.007807481417934525e+00
5.012099810483801932e+00
5.016116128884132053e+00
5.020409182647257218e+00
5.024425266926215272e+00
5.028719169944843692e+00
5.032734821171823469e+00
5.037029550391961763e+00
5.041044901187205163e+00
5.045340585137204847e+00
5.049355461262482692e+00
5.053652133745312192e+00
5.057666689203905719e+00
5.061964418155989520e+00
5.065978361996892332e+00
5.070277095375711696e+00
5.074290632591406336e+00
5.078590594482516707e+00
5.082603516478055639e+00
5.086904693070469108e+00
5.090917148004322712e+00
5.095219620825641726e+00
5.099231267821110691e+00
5.103534998553958424e+00
5.107546045651232269e+00
5.111851262855294564e+00
5.115861484991701680e+00
5.120168158761527977e+00
5.124177683926145477e+00
5.128485970263628957e+00
5.132494509757204781e+00
5.136804370346596649e+00
5.140812065875537407e+00
5.145123714447882080e+00
5.149130292522569263e+00
5.153443687759791558e+00
5.157449299621024608e+00
5.161764659839947811e+00
5.165769003116285063e+00
5.170086276544704873e+00
5.174089439882030739e+00
5.178408866531910348e+00
5.182410568421873975e+00
5.186732096898333921e+00
5.190732486956163960e+00
5.195056435101892411e+00
5.199055155604218825e+00
5.203381408895572768e+00
5.207378520819132106e+00
5.211707335712517875e+00
5.215702513429201659e+00
5.220033931957049234e+00
5.224027321349895558e+00
5.228361654240590184e+00
5.232352873071753230e+00
5.236690024622898676e+00
5.240679041887326584e+00
5.245019303165226354e+00
5.249005759893593748e+00
5.253349181542534829e+00
5.257333198852344402e+00
5.261680131467969090e+00
5.265661188816267213e+00
5.270011571195676758e+00
5.273989719204738691e+00
5.278343976670833548e+00
5.282318715661041608e+00
5.286676849686752888e+00
5.290648204586996250e+00
5.295010604716110514e+00
5.298977974442744099e+00
5.303344657610955082e+00
5.307308040326440768e+00
5.311679471542292141e+00
5.315638139776162951e+00
5.320014300031041365e+00
5.323968195065052811e+00
5.328349540383107374e+00
5.332297798328958116e+00
5.336684319676805899e+00
5.340626672618958182e+00
5.345018677755798642e+00
5.348953852364252803e+00
5.353350974885589864e+00
5.357278285940555662e+00
5.361680898605521328e+00
5.365598805019444306e+00
5.370005753404010207e+00
5.373912107164183993e+00
5.378321895031510813e+00
5.382212480861337411e+00
5.386621831066458199e+00
5.390491828051684031e+00
5.394895910202482270e+00
5.398736013910312437e+00
5.403124931131249475e+00
5.406921248498732346e+00
5.411279379316892957e+00
5.415008330385504109e+00
5.419307859681493866e+00
5.422930990437031085e+00
5.427124462156406537e+00
5.430575953704844139e+00
5.434582837131996413e+00
5.437756030841875088e+00
5.441441446997864695e+00
5.444153186771961472e+00
5.447283012118542267e+00
5.449224411845764671e+00
5.451405406010034760e+00
5.452058234640781542e+00
5.452623400590399072e+00
