2.098269504551049103e+00
1.838629250691907524e+00
1.529716597581199933e+00
1.216631941745309087e+00
9.691247183314165570e-01
8.405404921711667754e-01
8.768998695602118199e-01
1.090454362711638314e+00
1.455997058197599836e+00
1.914496415082404202e+00
2.401921690552994537e+00
2.836073968453070915e+00
3.162892047163149645e+00
3.361698976887565138e+00
3.433151952509061022e+00
3.364999918352276520e+00
3.189468549374649076e+00
2.858162489431951503e+00
2.169000287575629571e+00
1.121656577581259251e+00
-1.089447260749687590e-01
-1.272115009719685164e+00
-2.180970743059022166e+00
-2.756480265639295268e+00
-3.043559980439761059e+00
-3.136436455523420541e+00
-3.116528506991320224e+00
-2.982785007578835579e+00
-2.672415613516689881e+00
-2.102840144201409522e+00
-1.265805793464021667e+00
-2.585147885410841728e-01
7.068449184575857913e-01
1.397048693876498326e+00
1.658894287345649809e+00
1.559997304928803619e+00
1.340588345874622389e+00
1.013498657884156273e+00
3.953178899107891997e-01
-4.987602145597307413e-01
-1.588266625835910828e+00
-2.834639360919112061e+00
-4.149376121894391645e+00
-5.488573919396730005e+00
-6.797826066110482124e+00
-8.025948741074945048e+00
-9.130150644702796470e+00
-1.008363690313911398e+01
-1.088185708706783217e+01
-1.151292313631234343e+01
-1.196982536899018790e+01
-1.245131878438772510e+01
-1.306520724161274316e+01
-1.370215788019579328e+01
-1.415792393796488291e+01
-1.424328793445625863e+01
-1.388277264662788113e+01
-1.311556968343274043e+01
-1.207354574205001896e+01
-1.088086162667102386e+01
-9.607580272202069338e+00
-8.234412629782761783e+00
-6.762030606305188485e+00
-5.158673163711080534e+00
-3.575386868488193315e+00
-2.116988071848687980e+00
-8.707820258763402377e-01
-3.168073178069079343e-02
3.482072761396902694e-01
4.766068940130105958e-01
4.916937729212991215e-01
3.395806034622199099e-01
-1.187022540733018577e-01
-8.685783833115243713e-01
-1.823255195941502871e+00
-2.953841893320063416e+00
-4.163207885692080445e+00
-5.423328564703873589e+00
-6.670046519829352150e+00
-7.869428359640712856e+00
-8.971535743519183370e+00
-9.971322749383928041e+00
-1.080580966234369100e+01
-1.159647873513774741e+01
-1.251293841269517415e+01
-1.350784528812768670e+01
-1.438624329910711808e+01
-1.492773365945927999e+01
-1.499255236358142973e+01
-1.456368296982505761e+01
-1.372956248573956195e+01
-1.261935679769802832e+01
-1.133235568672346538e+01
-9.893152504024699923e+00
-8.268026102931342436e+00
-6.434685811422809820e+00
-4.488641260161835511e+00
-2.576581325580384441e+00
-1.007799252596896844e+00
8.577509103975103355e-02
7.528875510555969042e-01
1.103419676612821476e+00
1.287571087314061780e+00
1.305741003690217061e+00
1.210901896778543430e+00
9.030711998866787216e-01
2.742869798637543322e-01
-5.883212826473570578e-01
-1.657806729390290501e+00
-2.869015015822366621e+00
-4.169786782506589518e+00
-5.530927093292414831e+00
-6.908508984099436923e+00
-8.226126061475936169e+00
-9.589890934491116070e+00
-1.113199600695172187e+01
-1.274873183734695026e+01
-1.422629947247074966e+01
-1.532284192021896274e+01
-1.590347521760421223e+01
-1.593704619987520843e+01
-1.550668247405776334e+01
-1.470751013882681768e+01
-1.361547232644872985e+01
-1.222306958166562829e+01
-1.050623080662342268e+01
-8.447371735319537223e+00
-6.137861774173557272e+00
-3.746156993505632027e+00
-1.575118594078220191e+00
1.373005596835981112e-01
1.275762181360491354e+00
1.967398080267162896e+00
2.538673790865633162e+00
3.023421443992354796e+00
3.407868060893520568e+00
3.701434195428350726e+00
3.929502369345381663e+00
4.103236327835174002e+00
4.237438145135208778e+00
4.338856703526023928e+00
4.416396602307240293e+00
4.474077488926267776e+00
4.517301830552308495e+00
4.548475633095833359e+00
4.570838908209496232e+00
4.585866154711128573e+00
4.595456100717603576e+00
4.600580744483628415e+00
4.602301650173506786e+00
4.601330464974322965e+00
4.598182309864010442e+00
4.593436750665312651e+00
4.587248835740641795e+00
4.580150939980851099e+00
4.572058839216388115e+00
4.563494023718403625e+00
4.554203542100173863e+00
4.544720316897464585e+00
4.534671824431753429e+00
4.524611325544322327e+00
4.514080210220399181e+00
4.503657720815104071e+00
4.492821052709861540e+00
4.482171740524809600e+00
4.471137929157188218e+00
4.460345339074478943e+00
4.449185621244860833e+00
4.438303789709548752e+00
4.427062315323003538e+00
4.416124426904600497e+00
4.404830682432986144e+00
4.393858028823941275e+00
4.382529430734322773e+00
4.371534919051527801e+00
4.360184458218420822e+00
4.349176810787205305e+00
4.337811225831476492e+00
4.326794936849461592e+00
4.315420187808437724e+00
4.304398981462517426e+00
4.293017634155416928e+00
4.281992870667048479e+00
4.270608043397447595e+00
4.259581457141250027e+00
4.248193801337292186e+00
4.237165307163158978e+00
4.225776710269287584e+00
4.214747409488611041e+00
4.203357897337830273e+00
4.192327191773697947e+00
4.180938008389219362e+00
4.169906655663542239e+00
4.158517517826666676e+00
4.147484787997170130e+00
4.136096810335329721e+00
4.125063660706318913e+00
4.113676603657638431e+00
4.102641833121458248e+00
4.091256218778385190e+00
4.080220556609617688e+00
4.068835980072222469e+00
4.057798546616822932e+00
4.046415807783767526e+00
4.035377333670989053e+00
4.023995879260051645e+00
4.012955318357222190e+00
4.001575805834131749e+00
3.990534004153298397e+00
3.979156061583785320e+00
3.968112066551510608e+00
3.956736332761058961e+00
3.945691004100555510e+00
3.934316960030434185e+00
3.923269155213315873e+00
3.911897411510416589e+00
3.900848102239252935e+00
3.889478274485139053e+00
3.878426436953367862e+00
3.867059047320034360e+00
3.856005600659982324e+00
3.844640268008455042e+00
3.833584086898160326e+00
3.822221290228801749e+00
3.811163388059270574e+00
3.799802775531371690e+00
3.788741985780416766e+00
3.777383982119600692e+00
3.766321415421979069e+00
3.754965783958768011e+00
3.743900200865311945e+00
3.732547250498072788e+00
3.721479746626788376e+00
3.710129208196892403e+00
3.699058525650156692e+00
3.687710798946337132e+00
3.676638151043212233e+00
3.665292978515035216e+00
3.654216962536996682e+00
3.642874539095902975e+00
3.631796357045694368e+00
3.620456581981839950e+00
3.609374907131267296e+00
3.598037949039391670e+00
3.586953952700469017e+00
3.575619572925989420e+00
3.564531689395121550e+00
3.553199920630121689e+00
3.542109398228958650e+00
3.530780089051684278e+00
3.519685199544652310e+00
3.508358108313072599e+00
3.497259902702344103e+00
3.485934658773941042e+00
3.474831045794097406e+00
3.463506977393437936e+00
3.452398629969374966e+00
3.441074829930798717e+00
3.429958768346110798e+00
3.418633552879132065e+00
3.407509399866614608e+00
3.396180518112187130e+00
3.385043469429808827e+00
3.373706909169826407e+00
3.362553813748993203e+00
3.351203813706510992e+00
3.340025267181215618e+00
3.328652173997916908e+00
3.317438255014808934e+00
3.306027708142413424e+00
3.294757742461284611e+00
3.283285749267638831e+00
3.271932010664843737e+00
3.260361893864670790e+00
3.248875670934912918e+00
3.237147908325677115e+00
3.225455728484617701e+00
3.213474953507933662e+00
3.201452854086840549e+00
3.189064314739582962e+00
3.176518950269461072e+00
3.163474330976527416e+00
3.150084548028367681e+00
3.135975422207222252e+00
3.121221560603871570e+00
3.105381672471440702e+00
3.088405784568645895e+00
3.069735827284565843e+00
3.049124242695381959e+00
3.025800262597396095e+00
2.999192448099982755e+00
2.968174497798819811e+00
2.931644023140000055e+00
2.887859002273333253e+00
2.834820818848541979e+00
2.769762906980365980e+00
2.689200741832742381e+00
2.588712304426623145e+00
2.462349510137469277e+00
2.303035905059815036e+00
