7.174235464683902386e-01
9.393385800125876317e-01
1.375368830002218212e+00
1.928805585775752451e+00
2.482229872114138924e+00
2.908443047279286375e+00
3.155984934315401169e+00
3.208445506919454182e+00
3.076876696546052781e+00
2.767737445050427958e+00
2.012187451952258677e+00
7.481249387161176267e-01
-6.991729240774460230e-01
-1.941413277330791498e+00
-2.740089400517581097e+00
-3.110302979007327995e+00
-3.201958250825381658e+00
-3.142737520516312610e+00
-2.901841876820037136e+00
-2.351863181061261798e+00
-1.415086598040831145e+00
-2.262970829517655658e-01
8.752517754442351583e-01
1.509844117765165583e+00
1.553219071537476070e+00
1.313349522942295344e+00
9.381441915021214717e-01
1.563239384400749998e-01
-9.786823643828294061e-01
-2.372672711428502001e+00
-3.909505039360332113e+00
-5.489588419347165349e+00
-7.027262723620697038e+00
-8.439195687462747841e+00
-9.656812487085979058e+00
-1.065936352072542270e+01
-1.142732627761548692e+01
-1.196724479363629001e+01
-1.256674208296276518e+01
-1.332800141739998168e+01
-1.396800422653466534e+01
-1.416078785704213949e+01
-1.372269287340309418e+01
-1.273768486508423337e+01
-1.141150527596772868e+01
-9.939575710423284249e+00
-8.338256879824434975e+00
-6.595461140007515155e+00
-4.690277708492200048e+00
-2.860046092399095574e+00
-1.245726994793921127e+00
-1.047729071188629596e-01
3.871213165183297056e-01
5.111488943342733515e-01
4.799701514385377177e-01
1.068286473454388846e-01
-7.004900048673161628e-01
-1.827955386356115319e+00
-3.181838324888234926e+00
-4.647122992725834401e+00
-6.138626728301916913e+00
-7.580314023869309636e+00
-8.890465423273555601e+00
-1.004746959549430052e+01
-1.097739508879490344e+01
-1.187691967570704499e+01
-1.295550009044143458e+01
-1.402088120838793550e+01
-1.470565346712619004e+01
-1.474715623305252876e+01
-1.410709597299221230e+01
-1.296092452569909881e+01
-1.150591419348944378e+01
-9.858151120446191129e+00
-7.959219789795428213e+00
-5.814976822003018242e+00
-3.543423155667182911e+00
-1.531050883010026897e+00
-1.068171438979053922e-01
7.073676191541095060e-01
1.061643846233784050e+00
1.173346533669670233e+00
1.096761903059461973e+00
7.346507931892543031e-01
-6.791571931858025879e-02
-1.191806305163088942e+00
-2.571093132336284004e+00
-4.091420988008793280e+00
-5.692181519744823781e+00
-7.306947462825760908e+00
-8.826379030177577079e+00
-1.039096352041092608e+01
-1.217351957893870740e+01
-1.393375673891838140e+01
-1.528916711547632090e+01
-1.594194841110405925e+01
-1.583947260918025535e+01
-1.511051271752433500e+01
-1.392575946843094670e+01
-1.235537276787151306e+01
-1.035998770065313224e+01
-7.923182708229446369e+00
-5.163798818935206647e+00
-2.453979006755425907e+00
-2.467589178986075715e-01
1.148477382492191889e+00
1.935557389472394751e+00
2.605588332375535110e+00
3.125037695286660533e+00
3.513601615575254300e+00
3.795579532157152602e+00
4.009086649252823875e+00
4.162907175020555961e+00
4.281206331978032686e+00
4.365370866863981902e+00
4.431561265684121231e+00
4.477717522916366377e+00
4.515289080115485909e+00
4.540603994068935556e+00
4.562309512044213200e+00
4.576121124390254202e+00
4.588896212012800291e+00
4.596269502927616379e+00
4.603986385957963279e+00
4.607813044645740597e+00
4.612632746692847618e+00
4.614452254381388840e+00
4.617581342732592908e+00
4.618309753706157927e+00
4.620439520194004501e+00
4.620556182937013645e+00
4.622094788177569136e+00
4.621910803371574339e+00
4.623074289443749763e+00
4.622718794236389428e+00
4.623651776714281958e+00
4.623245292644536875e+00
4.624016963770023025e+00
4.623581421553958570e+00
4.624247767557870148e+00
4.623835978295787186e+00
4.624413503611227050e+00
4.624014017039814739e+00
4.624532256879213321e+00
4.624177759509028540e+00
4.624634403235532432e+00
4.624301030186180661e+00
4.624715391323658054e+00
4.624429773388680331e+00
4.624794049086920822e+00
4.624529637901088286e+00
4.624859489739514551e+00
4.624640439649837731e+00
4.624925394205902762e+00
4.624724523380556285e+00
4.624979318626991187e+00
4.624820904263194699e+00
4.625034281788263257e+00
4.624890817029051249e+00
4.625076871895624997e+00
4.624973497238495490e+00
4.625120912641573767e+00
4.625029647566180735e+00
4.625151709718680060e+00
4.625098042437476131e+00
4.625183685068309458e+00
4.625139996934144015e+00
4.625202120884814860e+00
4.625194539510508740e+00
4.625222420986504268e+00
4.625223155693195309e+00
4.625229269711967461e+00
4.625265313134744538e+00
4.625239428832013999e+00
4.625282548828912432e+00
4.625236420903727108e+00
4.625314486704328765e+00
4.625238468238148215e+00
4.625322767159445014e+00
4.625227933963727445e+00
4.625347137712939372e+00
4.625224482628703448e+00
4.625349307619652350e+00
4.625209043728519376e+00
4.625368909082315128e+00
4.625202601164143168e+00
4.625367533272037868e+00
4.625184688955000567e+00
4.625385118507013615e+00
4.625177936942059809e+00
4.625382863664190047e+00
4.557973065046389216e+00
4.364780841202359873e+00
4.071429603493911920e+00
3.721236562649514301e+00
3.370537053961434992e+00
3.077712764780625054e+00
2.883996290413333163e+00
2.817093995325763878e+00
2.816794930540416519e+00
2.817115718508448996e+00
2.816795552556064841e+00
2.817118581280740663e+00
2.816781998067916959e+00
2.817141337032291748e+00
2.816783739363981631e+00
2.817143833212198523e+00
2.816768225291504724e+00
2.817163562458703474e+00
2.816765390306157357e+00
2.817158111967407397e+00
2.816737952040509363e+00
2.817162530356458028e+00
2.816715121215763951e+00
2.817129561628055612e+00
2.816650177493934759e+00
2.817085708882268502e+00
2.816564927646504568e+00
2.816971495218495658e+00
2.816393985601643113e+00
2.816791589354791903e+00
2.816132000963958326e+00
2.816447250348958153e+00
2.815661720364398324e+00
2.815882340288287100e+00
2.814901605444954047e+00
2.814890306809490372e+00
2.813583576792083374e+00
2.813218849509421027e+00
2.811376308880810360e+00
2.810335302783310230e+00
2.807577411238148191e+00
2.805402976130254800e+00
2.801060879584421404e+00
2.796815471581898027e+00
2.789700956001065268e+00
2.781862522094930679e+00
2.769858124639328789e+00
2.755493511595277667e+00
2.734669171522685183e+00
2.708561291382175718e+00
2.671837084602823875e+00
2.624377332236967231e+00
2.558688368102444155e+00
2.472165115423110571e+00
2.353350025495466014e+00
2.195439678258371163e+00
1.978349786979434199e+00
1.686843825363377070e+00
1.324611628275761843e+00
9.745293278714499685e-01
7.432623764475722039e-01
