3.842908137305242722e+00
3.749170258170902770e+00
3.640773684621041895e+00
3.512819757382621866e+00
3.364766787872603970e+00
3.190280352412568909e+00
2.988367232336753609e+00
2.750688814020560979e+00
2.475657480599452231e+00
2.151870148171136865e+00
1.779428773810092235e+00
1.387078428312132239e+00
9.609987916548945464e-01
3.239978630155914141e-01
-5.408604648677721727e-01
-1.565455984791723987e+00
-2.731473760755350977e+00
-3.958232709352024870e+00
-5.214969260026787623e+00
-6.450019187783616381e+00
-7.619297588712590219e+00
-8.677843237234014850e+00
-9.601284637064772198e+00
-1.037970824305526030e+01
-1.100170213001580422e+01
-1.145453921234388872e+01
-1.193830910434955683e+01
-1.255664500959670349e+01
-1.320341921235067240e+01
-1.367160383168352311e+01
-1.377615079254790587e+01
-1.343854833991740705e+01
-1.270139026831669860e+01
-1.169168977371663409e+01
-1.053569759298895647e+01
-9.297291289538037518e+00
-7.959715386416155170e+00
-6.518106507682133177e+00
-4.945534005135034050e+00
-3.388727359999819555e+00
-1.959437923004430981e+00
-7.406561094880367291e-01
6.485062925800989808e-02
4.099036955613835076e-01
5.171733335630241957e-01
5.175044730313602681e-01
2.451801421530500347e-01
-3.615066431845011530e-01
-1.208856368595656372e+00
-2.256470514441791586e+00
-3.425543181150347394e+00
-4.650804798438498366e+00
-5.889753316578335784e+00
-7.079967615549273674e+00
-8.183342966717821909e+00
-9.158987427074116283e+00
-1.000876465769108137e+01
-1.068952188679008231e+01
-1.125193908649418439e+01
-1.190343151635275731e+01
-1.267332078843073440e+01
-1.340607363576507183e+01
-1.388414744896738107e+01
-1.394080528646614781e+01
-1.353055703037325230e+01
-1.271916110051918736e+01
-1.164247664736489085e+01
-1.041282775847991005e+01
-9.080070230473110016e+00
-7.606712267221843682e+00
-5.992665014388446565e+00
-4.257003528608607645e+00
-2.554885861881010634e+00
-1.111184490546392123e+00
1.494330253439494008e-02
7.071802642506114234e-01
9.855756471743347680e-01
1.079535536101592363e+00
1.049206909240052665e+00
7.391727003157092524e-01
9.937470377361271034e-02
-7.743840040544743841e-01
-1.845969329484507648e+00
-3.031902791163553879e+00
-4.273316088007206304e+00
-5.524575915415443461e+00
-6.727290391971366468e+00
-7.842245868245102614e+00
-8.833613726749698358e+00
-9.700364212616896964e+00
-1.039216613024809455e+01
-1.101720578094745129e+01
-1.176334221940365410e+01
-1.259836960504395797e+01
-1.334021231816525699e+01
-1.376999755059093999e+01
-1.374700641148916880e+01
-1.325214552094421805e+01
-1.237312733066872994e+01
-1.124609543863330607e+01
-9.971770667199153948e+00
-8.580947863320512070e+00
-7.031413187667534537e+00
-5.335354663453179214e+00
-3.535323809056164279e+00
-1.820504677252895664e+00
-4.203735336093800123e-01
6.189462780747813087e-01
1.212616852165103953e+00
1.442679057999322945e+00
1.505878521799437930e+00
1.438146064157607817e+00
1.158689448912560316e+00
5.469139016360233807e-01
-3.134369131446196888e-01
-1.374845180068924089e+00
-2.571105035045580856e+00
-3.824019853661313029e+00
-5.090051715087946960e+00
-6.300921244950415279e+00
-7.403113240636741033e+00
-8.340913004328500691e+00
-9.083363861603086065e+00
-9.600865786582115646e+00
-9.883930137007057581e+00
-9.920454477798445581e+00
-9.714196099310873578e+00
-9.265094193133307954e+00
-8.589466075921317056e+00
-7.702189103270426607e+00
-6.638119499776262700e+00
-5.433228108088123953e+00
-4.145213671511441156e+00
-2.826759473273537271e+00
-1.539882487227538954e+00
-3.187730180886855780e-01
7.702766175221648082e-01
1.680123321110906787e+00
2.382062017885963279e+00
2.819388438019353238e+00
3.153407751991273322e+00
3.472430380805525907e+00
3.744131708764965261e+00
3.962715071519113952e+00
4.139851067265070128e+00
4.282125033715955098e+00
4.396287470888437632e+00
4.487542938128419756e+00
4.560055479556945457e+00
4.617720370300329336e+00
4.662997688865694990e+00
4.698799884649132785e+00
4.726433403426058888e+00
4.748123651349930086e+00
4.764405352957760797e+00
4.777042711631944272e+00
4.786056981895555396e+00
4.792909444176805422e+00
4.797284667740330022e+00
4.800449771156215739e+00
4.801869875806336729e+00
4.802688718041093097e+00
4.802230862941788025e+00
4.801560130070764210e+00
4.799909827814566654e+00
4.798293132650051973e+00
4.795886916593003590e+00
4.793671148504705215e+00
4.790787238415468607e+00
4.788191871516024101e+00
4.785006674115191316e+00
4.782171242864929894e+00
4.778796271430225673e+00
4.775808083439167184e+00
4.772314034113749770e+00
4.769228949903854264e+00
4.765660724499062084e+00
4.762513323657013409e+00
4.758899155958975946e+00
4.755711842484288354e+00
4.752069832677673134e+00
4.748856041833698249e+00
4.745197296710607304e+00
4.741966026118072719e+00
4.738298043492013889e+00
4.735054455787222949e+00
4.731381618788715215e+00
4.728129416169235988e+00
4.724454813209582937e+00
4.721195775178836485e+00
4.717521143985346832e+00
4.714256868404982370e+00
4.710583603833073063e+00
4.707314584761371989e+00
4.703643228744026850e+00
4.700370252012152861e+00
4.696701611369028306e+00
4.693424675111822708e+00
4.689758826113784806e+00
4.686478284108315684e+00
4.682815753673541082e+00
4.679531470867273946e+00
4.675872191355693985e+00
4.672584688143732734e+00
4.668929392183645888e+00
4.665638157748176695e+00
4.661986234911649873e+00
4.658691422834687401e+00
4.655043315573888840e+00
4.651744679646840019e+00
4.648100260291146313e+00
4.644798017189235573e+00
4.641157575213645359e+00
4.637851289093159579e+00
4.634214511796162839e+00
4.630904336346093331e+00
4.627271742562326651e+00
4.623957523111354107e+00
4.620328896616354264e+00
4.617010692735277644e+00
4.613386344528871419e+00
4.610063746642032001e+00
4.606443421406284600e+00
4.603116631431024786e+00
4.599500811841840786e+00
4.596169524123455474e+00
4.592557914361683480e+00
4.589222132063905946e+00
4.585615190529218843e+00
4.582274653065034009e+00
4.578672115178385127e+00
4.575326790072205441e+00
4.571729043401684400e+00
4.568378567630867693e+00
4.564785347727291942e+00
4.561429735814167330e+00
4.557841578414236317e+00
4.554480428204808362e+00
4.550896887135659874e+00
4.547529926495225361e+00
4.543951386638264367e+00
4.540578152970867976e+00
4.537004225120504053e+00
4.533624461345329593e+00
4.530055441588176635e+00
4.526668314184409070e+00
4.523103434892430386e+00
4.519708197998332899e+00
4.516147431980780169e+00
4.512743233475190685e+00
4.509185779543419592e+00
4.505771016086823622e+00
4.502215807952430815e+00
4.498788226434148996e+00
4.495232910053489128e+00
4.491789668856770668e+00
4.488232095646424114e+00
4.484769134953610958e+00
4.481204771427135469e+00
4.477716408992621133e+00
4.474139756672882662e+00
4.470617835160832776e+00
4.467019729055798472e+00
4.463452865364930133e+00
4.459821260188941316e+00
4.456193088131284341e+00
4.452509167898437425e+00
4.448796579280330121e+00
4.445034726586770901e+00
4.441204970361736670e+00
4.437327045651909607e+00
4.433333446148385093e+00
4.429286221845486260e+00
4.425062861645415957e+00
4.420769279871996638e+00
4.416222846371215205e+00
4.411574835356423918e+00
4.406573380229010795e+00
4.401416073407153462e+00
4.395773363007795531e+00
4.389889557905728878e+00
4.383343589291232689e+00
4.376425459436163123e+00
4.368607828963853912e+00
4.360223389441892472e+00
4.350616302199149743e+00
4.340156833592447860e+00
4.328034702176267068e+00
4.314649385018246797e+00
4.298998833044583634e+00
4.281497715450885977e+00
4.260906837263282121e+00
4.237636636218489627e+00
4.210148086259964728e+00
4.178822170425695148e+00
4.141741071813489050e+00
4.099220245144513441e+00
4.048856689297864797e+00
3.990855114786927338e+00
3.922192764183298763e+00
