8.455024295744018037e-01
1.063754643943088052e+00
1.496781303343748259e+00
2.047714926980798378e+00
2.598978993417007555e+00
3.023241294233304455e+00
3.268940507004899132e+00
3.319595553728746040e+00
3.186211883713183646e+00
2.875222145094435522e+00
2.117778553699875221e+00
8.517913615536062411e-01
-5.974281141769695047e-01
-1.841514946652186291e+00
-2.641828639705812165e+00
-3.013281649230085346e+00
-3.105599497804517384e+00
-3.046393215430519330e+00
-2.804952313801341912e+00
-2.254075353933573389e+00
-1.316268504932099459e+00
-1.264663283528564552e-01
9.760162195109756134e-01
1.611456134565188103e+00
1.655604101360361957e+00
1.416448977598710135e+00
1.041915553566050479e+00
2.607381554231699705e-01
-8.736445211763773644e-01
-2.267024721967975331e+00
-3.803259135596112284e+00
-5.382760445071658850e+00
-6.919876833201240807e+00
-8.331288073349536916e+00
-9.548433103981633252e+00
-1.055057470463667357e+01
-1.131819788109036473e+01
-1.185784707133315230e+01
-1.245713849107012017e+01
-1.321824295089639989e+01
-1.385812553776878886e+01
-1.405080357796424551e+01
-1.361259355611605848e+01
-1.262743638841792659e+01
-1.130105782231639822e+01
-9.828883375480545581e+00
-8.227299312731078729e+00
-6.484254128644230342e+00
-4.578866404543970425e+00
-2.748487015040832038e+00
-1.134071079879110711e+00
6.943006914000129752e-03
4.988758767733432742e-01
6.229348219457843117e-01
5.917919134493666578e-01
2.186996362389392601e-01
-5.885503008037163974e-01
-1.715924213627084471e+00
-3.069692860228566911e+00
-4.534843829105797752e+00
-6.026200921308244141e+00
-7.467737042405135028e+00
-8.777741750384011610e+00
-9.934611874818431332e+00
-1.086442187524827752e+01
-1.176385242930478192e+01
-1.284236036870230357e+01
-1.390768859284561998e+01
-1.459242346249281219e+01
-1.463389701948950439e+01
-1.399380492564795730e+01
-1.284758769030854175e+01
-1.139251117995525497e+01
-9.744663992928741081e+00
-7.845640806606301254e+00
-5.701310203173136415e+00
-3.429680554382500635e+00
-1.417244750977836087e+00
7.043608748039439232e-03
8.212787121076671193e-01
1.175605164486616339e+00
1.287361181035391322e+00
1.210834617757582166e+00
8.487857441071635645e-01
4.628249591716628031e-02
-1.077549967820657484e+00
-2.456793814440495272e+00
-3.977108479699507981e+00
-5.577905390555366161e+00
-7.192782516607850951e+00
-8.712430992179113431e+00
-1.027737370635083280e+01
-1.206046574083380918e+01
-1.382144670790898466e+01
-1.517781338936356406e+01
-1.583170941267199616e+01
-1.573037542822765111e+01
-1.500241233826172582e+01
-1.381838966756275333e+01
-1.224848627628773556e+01
-1.025351496984808897e+01
-7.817325798365167167e+00
-5.059030227332359964e+00
-2.350979281652450847e+00
-1.463448756881237101e-01
1.245408958924425047e+00
2.028073554216136110e+00
2.692756496492602736e+00
3.205954243822606742e+00
3.587413355100949275e+00
3.861498768589374908e+00
4.066399914806620330e+00
4.210978129527569003e+00
4.319474520035555543e+00
4.393348278425093234e+00
4.448827576818657370e+00
4.483914089467754494e+00
4.510111993109027217e+00
4.523796954169768014e+00
4.533657088883495945e+00
4.535442654121528250e+00
4.536040504799420781e+00
4.531110398159676755e+00
4.526418859845648512e+00
4.517749628750417301e+00
4.510000410644051883e+00
4.499190005316064500e+00
4.489638381245601551e+00
4.477643842170070165e+00
4.467015481763773721e+00
4.454344673106134245e+00
4.443071316488263811e+00
4.430054895173240581e+00
4.418368803303588166e+00
4.405149451366574098e+00
4.393206758531759348e+00
4.379914775100231417e+00
4.367792688890648201e+00
4.354456472299236935e+00
4.342216453405717047e+00
4.328893660957916723e+00
4.316556380542268201e+00
4.303238995155023616e+00
4.290836880018310318e+00
4.277560102848378953e+00
4.265092975650046192e+00
4.251834768647870355e+00
4.239323655602939667e+00
4.226112247525393606e+00
4.213550630298032118e+00
4.200360443352662010e+00
4.187764903521573601e+00
4.174621077038125350e+00
4.161982019058795501e+00
4.148858035266458799e+00
4.136190765478703568e+00
4.123111442842383845e+00
4.110405131791133648e+00
4.097343293417777588e+00
4.084612412783587665e+00
4.071593601185439226e+00
4.058827057950624706e+00
4.045823314545902605e+00
4.033034435774838222e+00
4.020071400474305001e+00
4.007249220559953251e+00
3.994299230241991072e+00
3.981456567042268802e+00
3.968545672328171570e+00
3.955671632398703341e+00
3.942771797877916207e+00
3.929878696995763754e+00
3.917016831865439919e+00
3.904094222145416460e+00
3.891241699815787491e+00
3.878300971729235602e+00
3.865485427177384636e+00
3.852516686265763823e+00
3.839709063663426125e+00
3.826723050432615736e+00
3.813951721118217897e+00
3.800939044603356631e+00
3.788174275722939743e+00
3.775144821058402211e+00
3.762415837397430352e+00
3.749360887952986054e+00
3.736637274501712902e+00
3.723565932890810171e+00
3.710877861944027689e+00
3.697782084560231830e+00
3.685098255260949252e+00
3.671986103870671148e+00
3.659337678839491126e+00
3.646202120197060470e+00
3.633556990143449017e+00
3.620404995382870084e+00
3.607795169582360906e+00
3.594620436570763911e+00
3.582012941798611294e+00
3.568821555854097660e+00
3.556249498639097339e+00
3.543035932717129466e+00
3.530465014868610751e+00
3.517233998182754728e+00
3.504698437609977013e+00
3.491445434829652861e+00
3.478909639502477003e+00
3.465637782609352069e+00
3.453136629434675697e+00
3.439841772016597243e+00
3.427337686571944264e+00
3.414020759437615293e+00
3.401548795720509055e+00
3.388205245618542083e+00
3.375724210281366044e+00
3.362350393233727086e+00
3.349892921902083209e+00
3.336480942240162229e+00
3.323998641078611094e+00
3.310535360418633832e+00
3.298051201090995033e+00
3.284514838029097383e+00
3.271959482648541861e+00
3.258311023691388808e+00
3.245678212220277636e+00
3.231855712990880036e+00
3.219017020455000377e+00
3.204900607174259175e+00
3.191747835360694285e+00
3.177143492956713278e+00
3.163372593818170930e+00
3.147923789667037120e+00
3.133105986669699305e+00
3.116178224100694560e+00
3.099417017549120246e+00
3.079871296957314986e+00
3.059704044450462845e+00
3.035494661185254461e+00
3.009074724202152940e+00
2.976375503165671343e+00
2.938609321201851809e+00
2.890485583878124931e+00
2.831934412898657882e+00
2.755519264582581229e+00
2.658699390806329443e+00
2.530087293832634199e+00
2.362953714013399598e+00
2.137290871066657161e+00
1.837938133918450845e+00
1.468655488858712221e+00
1.112375536143908272e+00
8.757926600602750078e-01
