-4.823579660196084973e+00
-4.914760314448069600e+00
-4.693509260004808503e+00
-4.034611209122286546e+00
-2.932503717622243045e+00
-1.592383420821984474e+00
-4.099261446473937420e-01
2.570222030564664473e-01
3.595139364484640221e-01
2.496907280299729415e-01
-6.958057686681742848e-02
-8.378521478852880566e-01
-1.958408962580118207e+00
-3.345447915840424891e+00
-4.874274125831787430e+00
-6.450028199185269706e+00
-7.981027125323978844e+00
-9.379402447384984853e+00
-1.058053854803288729e+01
-1.156707758688738963e+01
-1.230871168119070269e+01
-1.285735985455288777e+01
-1.352714440083521730e+01
-1.430779598937398234e+01
-1.489420256069492154e+01
-1.496461050245066637e+01
-1.440883454248290718e+01
-1.333969112340775531e+01
-1.199346497438653181e+01
-1.051507839422052015e+01
-8.920345780106861966e+00
-7.169611006761646088e+00
-5.304356293905110320e+00
-3.563271347691840063e+00
-2.089972830744347920e+00
-1.168297835933841178e+00
-8.834648637150562811e-01
-8.489558067905506045e-01
-1.115309002246544834e+00
-1.867233058212163010e+00
-2.964530979840687142e+00
-4.324380691916326569e+00
-5.804780118257497179e+00
-7.323631208930735603e+00
-8.777684623951541809e+00
-1.009216815120670496e+01
-1.120512563182109567e+01
-1.211422119463049185e+01
-1.276951972531009361e+01
-1.335338374128041572e+01
-1.411843176987270709e+01
-1.489735961136527109e+01
-1.535319378949085767e+01
-1.521481136298782921e+01
-1.446542134517309286e+01
-1.327006902931568533e+01
-1.185928302285000413e+01
-1.031374984510384074e+01
-8.622900880493876485e+00
-6.752714870479390896e+00
-4.834882959739458919e+00
-3.140703044328803983e+00
-1.819492441049336273e+00
-1.137118643600720347e+00
-9.674324203974147274e-01
-9.829482311011453755e-01
-1.397094470963166746e+00
-2.261777685493163048e+00
-3.442661503396676537e+00
-4.845292159285325972e+00
-6.336478680380498218e+00
-7.838386953263815293e+00
-9.248675638441397950e+00
-1.049871419340653311e+01
-1.154467647004800845e+01
-1.237548640954249102e+01
-1.297034297909495315e+01
-1.360787357797154584e+01
-1.441469214524560805e+01
-1.512962406532734683e+01
-1.541368266105806484e+01
-1.506780139235846683e+01
-1.414905053170621940e+01
-1.285997272807239256e+01
-1.140216517752602243e+01
-9.805964573877112400e+00
-8.052918841882549472e+00
-6.129031383214875284e+00
-4.253711437271006091e+00
-2.658357003903778271e+00
-1.516957625946847577e+00
-1.046158460249755118e+00
-9.449208672210861470e-01
-1.052555809195781400e+00
-1.625132269060703516e+00
-2.597567855409997684e+00
-3.862876159276117605e+00
-5.302559087872222854e+00
-6.805874853830164106e+00
-8.286674094305135796e+00
-9.652469121202905455e+00
-1.083722863090902955e+01
-1.181984666256192362e+01
-1.256672570895701924e+01
-1.313609014312066137e+01
-1.384013265213366140e+01
-1.465475579315662813e+01
-1.526804331687490723e+01
-1.535838470367542818e+01
-1.481440910373834896e+01
-1.374955757778148779e+01
-1.239231621055781396e+01
-1.089081094304004083e+01
-9.246851341121143264e+00
-7.432327996297037664e+00
-5.486794749523753012e+00
-3.685573603221924177e+00
-2.206710517711925057e+00
-1.274464303148902244e+00
-9.745290434670677016e-01
-9.214812470918103404e-01
-1.159249920220930097e+00
-1.879156039781924026e+00
-2.952073578805900933e+00
-4.290121612794467687e+00
-5.757071012530800225e+00
-7.264787294470083090e+00
-8.715476206079383559e+00
-1.002993797686218258e+01
-1.114796632002484067e+01
-1.206328958121385142e+01
-1.272809690337995647e+01
-1.331256793085258927e+01
-1.407886024506020206e+01
-1.486656084287276336e+01
-1.534106477087030740e+01
-1.522397468173816470e+01
-1.449235105946745783e+01
-1.330529508257627391e+01
-1.189550729741067769e+01
-1.034834003153922843e+01
-8.653862065049999330e+00
-6.778523886758041073e+00
-4.845980856131339998e+00
-3.136341496030435216e+00
-1.800273924521215152e+00
-1.094469437176985638e+00
-9.142254889579096711e-01
-9.195037611746029738e-01
-1.315079253557521310e+00
-2.164572638542417771e+00
-3.333846724928786198e+00
-4.728725683122927848e+00
-6.216506139772929984e+00
-7.717545240799907447e+00
-9.131366701038833966e+00
-1.038712345337702558e+01
-1.144150747885450414e+01
-1.228138178107001544e+01
-1.288591312666069122e+01
-1.353032103959910337e+01
-1.434571992363338566e+01
-1.507027659025271582e+01
-1.536586159029700305e+01
-1.502947669794213681e+01
-1.411772792591574621e+01
-1.283016622553358310e+01
-1.137131831425824657e+01
-9.771223303435379037e+00
-8.012492665887585019e+00
-6.080059457931574762e+00
-4.192328230102679854e+00
-2.590206833914936002e+00
-1.442268964389938457e+00
-9.622039849376921028e-01
-8.564862485837285710e-01
-9.562808591740210584e-01
-1.520024451994134607e+00
-2.484856014423952431e+00
-3.744681470660984779e+00
-5.180483026189921070e+00
-6.683020201862729159e+00
-8.164680027732252654e+00
-9.535420168068496238e+00
-1.072696207563618920e+01
-1.172141250299491588e+01
-1.247732232007710884e+01
-1.307396633229897098e+01
-1.381752624256714057e+01
-1.465545562061402585e+01
-1.526567362689026908e+01
-1.533379298605734142e+01
-1.476219063159795830e+01
-1.367605091976850673e+01
-1.230268505919658395e+01
-1.078382926566539091e+01
-9.111697025183275400e+00
-7.261985133343195287e+00
-5.283478398243635077e+00
-3.469301192864873595e+00
-2.004117496255006792e+00
-1.098053657364082225e+00
-8.066341081573887850e-01
-7.489276063513291559e-01
-9.734644033178034839e-01
-1.674518164856609426e+00
-2.732959603505961788e+00
-4.058493906930257467e+00
-5.520980379965624962e+00
-7.029718450142923736e+00
-8.493967786381876550e+00
-9.831213118992922162e+00
-1.099060943894706988e+01
-1.194814687406775100e+01
-1.267522120847170086e+01
-1.343766434525305797e+01
-1.436698520558319103e+01
-1.519899857063107085e+01
-1.558790064351244453e+01
-1.532247994258507440e+01
-1.444857737026895883e+01
-1.316433715391295500e+01
-1.167485153654194363e+01
-1.002364379758217261e+01
-8.169909993523178926e+00
-6.121158322748869729e+00
-4.063686807344177865e+00
-2.353526001033784620e+00
-1.126581637446490314e+00
-5.202669512337295687e-01
-3.272457356706565124e-01
-3.134628117891012367e-01
-5.608232467922410480e-01
-1.248878466478888560e+00
-2.305712603096818025e+00
-3.635985147603468803e+00
-5.140713628285818793e+00
-6.728471096071867663e+00
-8.347332346503094413e+00
-9.891175405567530277e+00
-1.134655863183521696e+01
-1.296144735542955040e+01
-1.470307725918035757e+01
-1.622260777593485415e+01
-1.715964722291350597e+01
-1.733818422323180997e+01
-1.681924447962738256e+01
-1.577900717224876104e+01
-1.435547678984122122e+01
-1.255745184637672374e+01
-1.034007946697541591e+01
-7.733700071399562503e+00
-4.985243966287034034e+00
-2.543088995573163480e+00
-8.087282724300572934e-01
1.359781090691849492e-01
8.344661144828103838e-01
1.424656636885632155e+00
1.851994257570005242e+00
2.172964440984900936e+00
2.406170138889365706e+00
2.582401141517777443e+00
2.710934253107291525e+00
2.809430885518587662e+00
2.881434902774445028e+00
2.937875609208957961e+00
2.979271764937453604e+00
3.012897958889536820e+00
3.037663433259490287e+00
3.058777536590046253e+00
3.074381491413772594e+00
3.088549708124699311e+00
3.099100271759490877e+00
3.109406804749097031e+00
3.117149036043657340e+00
3.125277234983888874e+00
3.131457356784398183e+00
3.138347825751551134e+00
3.143643321122546741e+00
3.149824065799768480e+00
3.154644135862916254e+00
3.160421831696018646e+00
3.164963037804722212e+00
3.170495555170671498e+00
3.174898413937222053e+00
3.180294174528148332e+00
3.184611003704120424e+00
3.189915970871412210e+00
3.194202293974630180e+00
3.199457444643541315e+00
3.203716783557361225e+00
3.208932098673958233e+00
3.213195022426620362e+00
3.218391108791087696e+00
3.222645323314814458e+00
3.227818885262407456e+00
3.232086165024282476e+00
3.237251341088865697e+00
3.241515329559328862e+00
3.246664906707616094e+00
3.250944054917962678e+00
3.256089242698240849e+00
3.260366078714444171e+00
3.265498895670370327e+00
3.269791049087082957e+00
3.274921299872198599e+00
3.279210773492708508e+00
3.284330111817152620e+00
3.288634398757314781e+00
3.293752825040324073e+00
3.298054421445648643e+00
3.303162874196574172e+00
3.307478140381921339e+00
3.312585695448264200e+00
3.316897552896574286e+00
3.321996171638102346e+00
3.326321182175115521e+00
3.331419314514930896e+00
3.335740266871319193e+00
3.340829852636782338e+00
3.345163242798541603e+00
3.350252824921365669e+00
3.354582025255162137e+00
3.359663706053564791e+00
3.364004668277615462e+00
3.369086400525902913e+00
3.373422843296088214e+00
3.378497229828727022e+00
3.382845059046018399e+00
3.387919738000856551e+00
3.392262782024166867e+00
3.397330468754467869e+00
3.401684329866041523e+00
3.406752441119282881e+00
3.411101418610046121e+00
3.416162992122499631e+00
3.420522444238865756e+00
3.425584569596273443e+00
3.429938894700740537e+00
3.434994756326944731e+00
3.439359189452546151e+00
3.444415735227916997e+00
3.448774994246250003e+00
3.453825587052847368e+00
3.458194570078657382e+00
3.463245905846365602e+00
3.467609617604235694e+00
3.472655306741967429e+00
3.477028483353888699e+00
3.482074939719884021e+00
3.486442703183055603e+00
3.491483806584676053e+00
3.495860844793171385e+00
3.500902819522754505e+00
3.505274361230509506e+00
3.510311134956921375e+00
3.514691658153333176e+00
3.519729377595648412e+00
3.524104446197407370e+00
3.529137248914675951e+00
3.533521039601759117e+00
3.538554726009143447e+00
3.542932919024513794e+00
3.547961889458379314e+00
3.552348749252847160e+00
3.557378788029398109e+00
3.561760030560694013e+00
3.566785419292684889e+00
3.571174988186342159e+00
3.576201445584467287e+00
3.580585462878310476e+00
3.585607558145925911e+00
3.589999782273078477e+00
3.595022886791782391e+00
3.599409400309004692e+00
3.604428261073240325e+00
3.608822938822060511e+00
3.613842935990324357e+00
3.618231894665810078e+00
3.623247765280509292e+00
3.627644665186712913e+00
3.632661647609629618e+00
3.637052822477245151e+00
3.642065870550763584e+00
3.646464944916759432e+00
3.651479167492546196e+00
3.655872459933796392e+00
3.660882759066897751e+00
3.665283775482916617e+00
3.670295313332106346e+00
3.674690613629977065e+00
3.679698411090925880e+00
3.684101332168426168e+00
3.689110315642708304e+00
3.693507441342685382e+00
3.698512805490393518e+00
3.702917526182569308e+00
3.707924164727222305e+00
3.712323035288356277e+00
3.717326051098379214e+00
3.721732401519930900e+00
3.726736751959120575e+00
3.731137308232129968e+00
3.736138190736713049e+00
3.740546137098587742e+00
3.745548294736365857e+00
3.749950378877453527e+00
3.754949184492823999e+00
3.759358665712523528e+00
3.764358800171898167e+00
3.768762341271412186e+00
3.773759133555161682e+00
3.778169998238888549e+00
3.783168226384837851e+00
3.787573232202569695e+00
3.792568160181226666e+00
3.796980354874258889e+00
3.801976674632198794e+00
3.806382962152176752e+00
3.811376133594536419e+00
3.815789689377407257e+00
3.820784306386319162e+00
3.825191871809769051e+00
3.830183277151573584e+00
3.834598002942360750e+00
3.839590937377105995e+00
3.843999732064815156e+00
3.848989569522129450e+00
3.853405496700416766e+00
3.858396826565833049e+00
3.862806709989837550e+00
3.867794964023286486e+00
3.872212009425971768e+00
3.877201879565510101e+00
3.881612933895092876e+00
3.886599744153008906e+00
3.891017817422800285e+00
3.896006182904097503e+00
3.900418235401226674e+00
3.905403690614213108e+00
3.909822888449582923e+00
3.914809964277985888e+00
3.919222989703495141e+00
3.924207035129189336e+00
3.928627157529606784e+00
3.933612980531782988e+00
3.938027040597268158e+00
3.943009888825278253e+00
3.947430949095648067e+00
3.952415473209513586e+00
3.956830408411064148e+00
3.961812060541596736e+00
3.966234105354375039e+00
3.971217534452407882e+00
3.975633339350277407e+00
3.980613812633102544e+00
3.985036698424768264e+00
3.990019032974537083e+00
3.994435731905810805e+00
3.999415162445532523e+00
4.003838900728958095e+00
4.008820189580809767e+00
4.013237705933889288e+00
4.018216129524258662e+00
4.022640700860231178e+00
4.027621005093888762e+00
4.032039262892221920e+00
4.037016696437870422e+00
4.041442097753425777e+00
4.046421538836272980e+00
4.050840570431875065e+00
4.055817070059189788e+00
4.060243204717106202e+00
4.065221788764374011e+00
4.069641560082013498e+00
4.074617241016158076e+00
4.079044155523033233e+00
4.084021929778610449e+00
4.088442396077383911e+00
4.093417229681713287e+00
4.097844830863426324e+00
4.102821827926111276e+00
4.107242970876967547e+00
4.112217075916573705e+00
4.116645421008703565e+00
4.121621731574884429e+00
4.126043534404768565e+00
4.131016899117430974e+00
4.135445921155370463e+00
4.140421601847453559e+00
4.144844064956411778e+00
4.149816759089444140e+00
4.154246399402546253e+00
4.159221423949420959e+00
4.163644488975995372e+00
4.168616612700902557e+00
4.173046992023704327e+00
4.178021481468495502e+00
4.182445091565300643e+00
4.187416573322314761e+00
4.191847567724652279e+00
4.196821604233309522e+00
4.201245829793518460e+00
4.206216774704791383e+00
4.210648357170647671e+00
4.215621899005926210e+00
4.220046684874699139e+00
4.225017153732685493e+00
4.229449338688588078e+00
4.234422425076226126e+00
4.238847706186805731e+00
4.243817720273217908e+00
4.248250522955740571e+00
4.253223290204096507e+00
4.257649129232869534e+00
4.262618712440694679e+00
4.267052037676966947e+00
4.272024438952268355e+00
4.276450769518286954e+00
4.281419984079722241e+00
4.285853865232106763e+00
4.290825978802453200e+00
4.295252793544398706e+00
4.300221709411620630e+00
4.304656174322314399e+00
4.309628029560439444e+00
4.314055280454467400e+00
4.319023865716411947e+00
4.323458861379513962e+00
4.328430540290556294e+00
4.332858239823565327e+00
4.337826554525046063e+00
4.342262067981851104e+00
4.347233594940949075e+00
4.351661730481412249e+00
4.356629806679769068e+00
4.361065797822059942e+00
4.366037177805139891e+00
4.370465737611828771e+00
4.375433668412475718e+00
4.379870152259560001e+00
4.384841435639328822e+00
4.389270368128540767e+00
4.394238134144444530e+00
4.398675115028171767e+00
4.403646378731550293e+00
4.408075674787014009e+00
4.413043277513170715e+00
4.417480665404421636e+00
4.422451956813147511e+00
4.426881684497754321e+00
4.431849276986018715e+00
4.436287111525671456e+00
4.441258347676249052e+00
4.445688332299490675e+00
4.450655884971064680e+00
4.455094238067222712e+00
4.460065619953703653e+00
4.464495912640000341e+00
4.469463380167407074e+00
4.473902091077083476e+00
4.478873583581898465e+00
4.483304210845577842e+00
4.488271739915439262e+00
4.492710845205230896e+00
4.497682449276967809e+00
4.502113314807175470e+00
4.507080891824212898e+00
4.511520390266249514e+00
4.516492214566736330e+00
4.520923334017870054e+00
4.525890975279351913e+00
4.530330828498078333e+00
4.535302879574490298e+00
4.539734229609954319e+00
4.544702002418102182e+00
4.549142205284653073e+00
4.554114544473216952e+00
4.558546099195046608e+00
4.563514014288958087e+00
4.567954516537962917e+00
4.572927131140903434e+00
4.577358862973403220e+00
4.582326995467894015e+00
4.586767835703588148e+00
4.591740784845601553e+00
4.596172616413356060e+00
4.601140912361435298e+00
4.605582040253125342e+00
4.610555394415301045e+00
4.614987346703101956e+00
4.619955871285718274e+00
4.624397218763333761e+00
4.629370959967245014e+00
4.633803011795879279e+00
4.638771817131712716e+00
4.643213380100949195e+00
4.648187552087985175e+00
4.652619608776134008e+00
4.657588688584652026e+00
4.662030478312545689e+00
4.667005130703032911e+00
4.671437154213796461e+00
4.676406531771990061e+00
4.680848498549977421e+00
4.685823729584259745e+00
4.690255744772893642e+00
4.695225455228078104e+00
4.699667494803333234e+00
4.704643201565856359e+00
4.709075096287870466e+00
4.714045200003703862e+00
4.718487378169999857e+00
4.723463669738055870e+00
4.727895379305000922e+00
4.732865777691481313e+00
4.737307967191042302e+00
4.742284850096528892e+00
4.746716370360973158e+00
4.751687172182476715e+00
4.756129351065300881e+00
4.761106832184236026e+00
4.765538058431088686e+00
4.770509221188703464e+00
4.774951332059767850e+00
4.779929475970624786e+00
4.784360335597082958e+00
4.789331856944375687e+00
4.793773803715393633e+00
4.798752555134629283e+00
4.803182975652175557e+00
4.808154911779999985e+00
4.812596730765508646e+00
4.817576163066250139e+00
4.822006006875370510e+00
4.826978240035555423e+00
4.831419709748888458e+00
4.836399773140255043e+00
4.840829011880231292e+00
4.845801610388702940e+00
4.850242714183634618e+00
4.855223375917269379e+00
4.859651809173310077e+00
4.864624673328634685e+00
4.869065307907153084e+00
4.874046574014629485e+00
4.878474096566435492e+00
4.883447166327870903e+00
4.887887192788587853e+00
4.892869043941435514e+00
4.897295518827986527e+00
4.902268715004884037e+00
4.906707994048588262e+00
4.911690363079838306e+00
4.916115631996944124e+00
4.921088900170394353e+00
4.925527281079675745e+00
4.930510056813587560e+00
4.934933912868819661e+00
4.939907171202152725e+00
4.944344603995324938e+00
4.949327762168588052e+00
4.953749993849259958e+00
4.958723017531597499e+00
4.963159138233843137e+00
4.968142481863218052e+00
4.972562896904050511e+00
4.977535614577199397e+00
4.981970379761527568e+00
4.986953828561157209e+00
4.991372109014537095e+00
4.996344213480949037e+00
5.000777319574004842e+00
5.005760694033656755e+00
5.010176661964814038e+00
5.015148007678750020e+00
5.019579264378240424e+00
5.024562328274861045e+00
5.028975622974328985e+00
5.033945864073518628e+00
5.038375118648843909e+00
5.043357726507013084e+00
5.047768125453355736e+00
5.052736954145856885e+00
5.057163836596088480e+00
5.062145605942754756e+00
5.066552835058333315e+00
5.071520032475161699e+00
5.075944571071643985e+00
5.080925238790880094e+00
5.085328942867592517e+00
5.090293892296852363e+00
5.094715763431968192e+00
5.099695027914466827e+00
5.104095102335532985e+00
5.109057397818287605e+00
5.113476537620254447e+00
5.118453891444074699e+00
5.122850109638934946e+00
5.127809170917013937e+00
5.132225599909120639e+00
5.137200503901087956e+00
5.141592737821550685e+00
5.146547736143796570e+00
5.150961473201180141e+00
5.155933091056088102e+00
5.160321163617246576e+00
5.165270800477707702e+00
5.169681778355879942e+00
5.174648527329977377e+00
5.179031728098101972e+00
5.183973194006365581e+00
5.188379896089744925e+00
5.193337915761156331e+00
5.197713538912036135e+00
5.202640424162731314e+00
5.207037171126597919e+00
5.211973755019674748e+00
5.216327750117223161e+00
5.221216441011342191e+00
5.225577328796157772e+00
5.230451890696181216e+00
5.234734389024445100e+00
5.239507815406504676e+00
5.243735469927847781e+00
5.248404821289884836e+00
5.252431660979397954e+00
5.256823960743843394e+00
5.260566193017221615e+00
5.264522779970578270e+00
5.267612205566712724e+00
5.270660260391920815e+00
5.272623768687940249e+00
5.274046939394374967e+00
5.273715538041226836e+00
5.271912831171573721e+00
5.267293345415509975e+00
5.259439526143402155e+00
5.246434790821110639e+00
5.226764527288795925e+00
5.197546084925370735e+00
5.154928918712639252e+00
5.093871886356435397e+00
5.006266094817592105e+00
4.883015764937036707e+00
4.706898273903586727e+00
4.461482731340925767e+00
4.109672665484850107e+00
3.652713362229757177e+00
3.025439407274074011e+00
1.915060676751702218e+00
3.429787565516093095e-01
-1.357918798485936662e+00
-2.820713767552233797e+00
-3.859689875291997030e+00
-4.488449694943564161e+00
