4.305241830344866294e+00
4.289493843200278711e+00
4.270648562612918475e+00
4.243644235686998556e+00
4.210363154817522435e+00
4.164221902646429108e+00
4.106248570402845743e+00
4.027410906145145297e+00
3.927142705779101295e+00
3.792457893857310580e+00
3.620007421049721064e+00
3.390192775710128448e+00
3.095099592786970000e+00
2.703829412526002063e+00
2.202570550507971348e+00
1.540187147228492037e+00
7.622161506961534494e-01
-2.783798032166071579e-01
-1.903770566830928823e+00
-4.071134387420310752e+00
-6.450584180750847274e+00
-8.647004004265395949e+00
-1.039208364038625554e+01
-1.163808533718676941e+01
-1.287974504160110989e+01
-1.453301390033394114e+01
-1.652429783030375532e+01
-1.838803270317829330e+01
-1.953363409391116434e+01
-1.957671804395871007e+01
-1.853575879365002521e+01
-1.683183373684910933e+01
-1.505625829866307264e+01
-1.365703372148947459e+01
-1.266385783976362767e+01
-1.163691304730834197e+01
-1.010973734861386397e+01
-8.187850343222947913e+00
-6.161133731357854693e+00
-4.474583895671305989e+00
-3.463287916435091596e+00
-3.200305665779235920e+00
-3.303533825942036817e+00
-3.815446160328418213e+00
-5.081147821793132735e+00
-6.987504509855189561e+00
-9.167234639838881094e+00
-1.119256379756071951e+01
-1.276410676185264848e+01
-1.386213166359222626e+01
-1.501385796435122977e+01
-1.656508038537591787e+01
-1.841177852865965292e+01
-2.007875160192887876e+01
-2.101563215266794060e+01
-2.087777324995593986e+01
-1.972694305612343868e+01
-1.798376476083294762e+01
-1.621706753561239367e+01
-1.481837012605669557e+01
-1.377976508426102065e+01
-1.264163133258261773e+01
-1.098197932539768473e+01
-8.950441771739340524e+00
-6.873886993151673508e+00
-5.197677589470424131e+00
-4.229615436256975336e+00
-3.969209493106807596e+00
-4.028371378551618420e+00
-4.545091293839620405e+00
-5.827818757224804358e+00
-7.726620026020116327e+00
-9.858908201101646895e+00
-1.180505082340047451e+01
-1.328735919570772772e+01
-1.431620765628225378e+01
-1.543575082265839704e+01
-1.697678625166428290e+01
-1.881251999396431529e+01
-2.044315706162530688e+01
-2.131584693659843310e+01
-2.109812061619327750e+01
-1.988159875097279183e+01
-1.810833907283022270e+01
-1.635864240894483856e+01
-1.500485156472899106e+01
-1.400596553655979370e+01
-1.286388807385027810e+01
-1.119419197973376079e+01
-9.162041148738477858e+00
-7.091585621085407354e+00
-5.430545958973520548e+00
-4.484353572517856712e+00
-4.239141276870954655e+00
-4.309120034208314465e+00
-4.876871950370005315e+00
-6.217880181271736362e+00
-8.146741271527650596e+00
-1.026446448783069165e+01
-1.216381242933789153e+01
-1.358131725956598856e+01
-1.457976907026177393e+01
-1.572152209576981008e+01
-1.729394019651847003e+01
-1.913202618413864187e+01
-2.071075910695047284e+01
-2.148852973855596815e+01
-2.116270547768551680e+01
-1.986833127358035611e+01
-1.807010479879681242e+01
-1.634914807299382389e+01
-1.504187139391160599e+01
-1.406319381558496140e+01
-1.288269426638627024e+01
-1.117250214759349980e+01
-9.123081557605663860e+00
-7.070906813440485550e+00
-5.461747499841935749e+00
-4.584347149212054440e+00
-4.379921826642968696e+00
-4.475653315503739016e+00
-5.113516439357951526e+00
-6.522662423069363946e+00
-8.488354325770535169e+00
-1.059626334878057996e+01
-1.245502876818889604e+01
-1.381439695620189845e+01
-1.479633055465770219e+01
-1.597200040546699107e+01
-1.758178280502999158e+01
-1.942034275490373929e+01
-2.094190621552614218e+01
-2.161938259890047220e+01
-2.118494295460611099e+01
-1.981652407042452424e+01
-1.800016962215876148e+01
-1.631193554979277494e+01
-1.504964162731796939e+01
-1.408175428518021910e+01
-1.285446553088445754e+01
-1.110085309770348871e+01
-9.033561347981557077e+00
-7.004235526564285941e+00
-5.453279157826841583e+00
-4.649173578370563220e+00
-4.483577269463225434e+00
-4.607725706691462086e+00
-5.313890279106585623e+00
-6.784247002390819681e+00
-8.781865655971985873e+00
-1.088018388119617796e+01
-1.270354877345850930e+01
-1.401380953660457429e+01
-1.499107433194355465e+01
-1.620474148296093730e+01
-1.785031907783861627e+01
-1.968478361282223688e+01
-2.114811699571479053e+01
-2.172916196051227544e+01
-2.119559489036986832e+01
-1.976289921278582895e+01
-1.793487942365661425e+01
-1.627760195180215064e+01
-1.505228224102977208e+01
-1.408402103580917775e+01
-1.280659722291897218e+01
-1.101019990002078863e+01
-8.925714086895256472e+00
-6.920040191050334855e+00
-5.425663337738086511e+00
-4.688827473681890901e+00
-4.554429917735741462e+00
-4.704550913091908093e+00
-5.468001132076870441e+00
-6.986794494342968953e+00
-9.009220779236494892e+00
-1.110048954723429127e+01
-1.289741509686994902e+01
-1.417150138075778365e+01
-1.516052113213002350e+01
-1.642033935190949734e+01
-1.810101774329852020e+01
-1.992474709453462722e+01
-2.132491874396445297e+01
-2.180950929286132833e+01
-2.118300200636774733e+01
-1.969274987527070309e+01
-1.785526913605412602e+01
-1.622041243159215895e+01
-1.501476345554709724e+01
-1.402536053269500549e+01
-1.268443821495610813e+01
-1.083202732726442719e+01
-8.718724979501729422e+00
-6.724826669995564110e+00
-5.273807909267857141e+00
-4.579535297451897691e+00
-4.454690085006361322e+00
-4.597303051991545431e+00
-5.333487879611774396e+00
-6.827867178189955588e+00
-8.852833641835379908e+00
-1.098601638397463809e+01
-1.284175491431576255e+01
-1.417833825168191986e+01
-1.530323791287854540e+01
-1.669827214001766080e+01
-1.843414586488099971e+01
-2.021206912325192206e+01
-2.149839558587371613e+01
-2.185595004164690636e+01
-2.113637212451453706e+01
-1.959950334617304435e+01
-1.773428108824812455e+01
-1.604175611710990523e+01
-1.471168546560521762e+01
-1.354411159454952340e+01
-1.200367086245613812e+01
-9.957913547467438065e+00
-7.711538866245892798e+00
-5.668182282978947661e+00
-4.211936209550409593e+00
-3.472411917768080336e+00
-3.194655088316713520e+00
-3.230514541280496754e+00
-3.602132217073280795e+00
-4.465702019660985123e+00
-6.122861256948420206e+00
-8.376634227004140953e+00
-1.092064948116161993e+01
-1.364170993878072125e+01
-1.629805193900518745e+01
-1.857048810169802167e+01
-2.025542253693716432e+01
-2.130431344516154724e+01
-2.178762462664860422e+01
-2.177422963447177651e+01
-2.128255881345317135e+01
-2.025281892115777183e+01
-1.861087146296896577e+01
-1.634143400071943830e+01
-1.359241392370372736e+01
-1.063727708836457353e+01
-7.774205890212869008e+00
-5.115637878976871278e+00
-2.841010284337550651e+00
-1.251320283937279232e+00
-1.937511296364724800e-01
6.664218791191175439e-01
1.350817428938827280e+00
1.867566445189405844e+00
2.264574714656445220e+00
2.564277609441657280e+00
2.794059876800278897e+00
2.967170178753181009e+00
3.100206061100027721e+00
3.200199749364229795e+00
3.277505756957561633e+00
3.335437266181082272e+00
3.380712859094001210e+00
3.414494249698047046e+00
3.441359386033370438e+00
3.461253686313225497e+00
3.477501244192132024e+00
3.489387741449776481e+00
3.499496468752567147e+00
3.506758531642662380e+00
3.513308007167885272e+00
3.517892411931696550e+00
3.522369112731110530e+00
3.525398573613252928e+00
3.528664887754687562e+00
3.530793125589983372e+00
3.533352095612081634e+00
3.534956837287527964e+00
3.537099096258677466e+00
3.538400035200251370e+00
3.540296743244614852e+00
3.541421907967829519e+00
3.543172786386858064e+00
3.544196900131919570e+00
3.545860512377399854e+00
3.546826248960044836e+00
3.548436639761830769e+00
3.549369708975892657e+00
3.550947859925474237e+00
3.551862639576423231e+00
3.553419901779492296e+00
3.554324938121595778e+00
3.555869004517745680e+00
3.556768921869670752e+00
3.558303628642410565e+00
3.559201418512500048e+00
3.560729683919000799e+00
3.561626650284263729e+00
3.563149792014592698e+00
3.564047097092884808e+00
3.565566495373911682e+00
3.566464384195452197e+00
3.567980321693526857e+00
3.568879237785965053e+00
3.570392498302092488e+00
3.571292362392438413e+00
3.572802948775307019e+00
3.573704041363309436e+00
3.575212482319754859e+00
3.576114590945507654e+00
3.577620760124163191e+00
3.578524081510713994e+00
3.580028399240485548e+00
3.580932716683202788e+00
3.582434992808873009e+00
3.583340478654938543e+00
3.584841099500446493e+00
3.585747536611356256e+00
3.587246295202594748e+00
3.588153856389481255e+00
3.589651082986997643e+00
3.590559577824581350e+00
3.592055095017075761e+00
3.592964683028180506e+00
3.594458803251534551e+00
3.595369303713978670e+00
3.596861779250976277e+00
3.597773332830915383e+00
3.599264517518498963e+00
3.600176977649442112e+00
3.601666658498297924e+00
3.602580220245954479e+00
3.604068665273520988e+00
3.604983076570870804e+00
3.606470089384682165e+00
3.607385533597321281e+00
3.608871309349274803e+00
3.609787640754464011e+00
3.611272107964202061e+00
3.612189454890708529e+00
3.613672765560212330e+00
3.614591015225530501e+00
3.616073002642355316e+00
3.616992217946930488e+00
3.618473117958175056e+00
3.619393233587890446e+00
3.620872858577482756e+00
3.621793986204101312e+00
3.623272605818247616e+00
3.624194648740624469e+00
3.625672034575390779e+00
3.626595022262667278e+00
3.628071352427176599e+00
3.628995224828096777e+00
3.630470374069587614e+00
3.631395240589815554e+00
3.632869440166852648e+00
3.633795208853766834e+00
3.635268218372683879e+00
3.636194929159375366e+00
3.637666957976255500e+00
3.638594535508370864e+00
3.640065429290569199e+00
3.640993994540485001e+00
3.642463996205635990e+00
3.643393469732087109e+00
3.644862343609040600e+00
3.645792740790346098e+00
3.647260666859960754e+00
3.648191905301925164e+00
3.649658721594363886e+00
3.650590924497544965e+00
3.652056845627595028e+00
3.652989927165262163e+00
3.654454796778794368e+00
3.655388828325167427e+00
3.656852772825948783e+00
3.657787612406277589e+00
3.659250461803432053e+00
3.660186234340596645e+00
3.661648215382198313e+00
3.662584866758733515e+00
3.664045842796316510e+00
3.664983442928738899e+00
3.666443501786105230e+00
3.667381895193191799e+00
3.668840907902176429e+00
3.669780205000670037e+00
3.671238326975223121e+00
3.672178493915847941e+00
3.673635649659960922e+00
3.674576718973632694e+00
3.676032988201618501e+00
3.676974900631361454e+00
3.678430160419029260e+00
3.679372939402260290e+00
3.680827316829966112e+00
3.681770923584430477e+00
3.683224303158091573e+00
3.684168780336634974e+00
3.685621292454408948e+00
3.686566614224581429e+00
3.688018137917577821e+00
3.688964287862499969e+00
3.690414940882170924e+00
3.691361931098437577e+00
3.692811604521344826e+00
3.693759466869308117e+00
3.695208318074526321e+00
3.696156980564899719e+00
3.697604812460993706e+00
3.698554305804631515e+00
3.700001279891490302e+00
3.700951577138755777e+00
3.702397591847935931e+00
3.703348761209319218e+00
3.704793969879045523e+00
3.705745934376115880e+00
3.707190143398186422e+00
3.708142947838560133e+00
3.709586326168722081e+00
3.710539884989369597e+00
3.711982286765290073e+00
3.712936698038588279e+00
3.714378258604352556e+00
3.715333443301785277e+00
3.716774057966127032e+00
3.717730074738587742e+00
3.719169852998130743e+00
3.720126624632114964e+00
3.721565420623828224e+00
3.722523020738030208e+00
3.723961012107282365e+00
3.724919383784905058e+00
3.726356436720535736e+00
3.727315635595982002e+00
3.728751842194168109e+00
3.729711785675446034e+00
3.731147034573130572e+00
3.732107779442856987e+00
3.733542223987444064e+00
3.734503763240206275e+00
3.735937280708872432e+00
3.736899621796679671e+00
3.738332317083147505e+00
3.739295413160797832e+00
3.740727173568303421e+00
3.741691060722600604e+00
3.743121999790764765e+00
3.744086647030831383e+00
3.745516640330747826e+00
3.746482066576897640e+00
3.747911262207533678e+00
3.748877449730440237e+00
3.750305704512276517e+00
3.751272680850306518e+00
3.752700120560462871e+00
3.753667833121484332e+00
3.755094358088281403e+00
3.756062868936969945e+00
3.757488586079325010e+00
3.758457855191685404e+00
3.759882650241824553e+00
3.760852682529046032e+00
3.762276673129101745e+00
3.763247472136941774e+00
3.764670552294196337e+00
3.765642139094587115e+00
3.767064432910518956e+00
3.768036764271791128e+00
3.769458140936774448e+00
3.770431259719838391e+00
3.771851841291071317e+00
3.772825701035881441e+00
3.774245386678041658e+00
3.775220034754882992e+00
3.776638911670312293e+00
3.777614293248158450e+00
3.779032282100000195e+00
3.780008443510129101e+00
3.781425609967717261e+00
3.782402508365848348e+00
3.783818787717494025e+00
3.784796449260017237e+00
3.786211941180776197e+00
3.787190389269336155e+00
3.788604995292772948e+00
3.789584199240373596e+00
3.790998017569001455e+00
3.791977962238448630e+00
3.793390882760937721e+00
3.794371625806640669e+00
3.795783769814537134e+00
3.796765260633789385e+00
3.798176540373968013e+00
3.799158810058509861e+00
3.800569286137081004e+00
3.801552307840290190e+00
3.802961902869363975e+00
3.803945692012053570e+00
3.805354526239480784e+00
3.806339092905580479e+00
3.807747055697935146e+00
3.808732411232756743e+00
3.810139602116936697e+00
3.811125703549386401e+00
3.812531994675334879e+00
3.813518843964424754e+00
3.814924351788030243e+00
3.815911978507644964e+00
3.817316631259012105e+00
3.818305059250139077e+00
3.819708951384318762e+00
3.820698130340848042e+00
3.822101148578208818e+00
3.823091113839871547e+00
3.824493349351506755e+00
3.825484089951868949e+00
3.826885494365038998e+00
3.827877027118889774e+00
3.829277651690346396e+00
3.830269966624442191e+00
3.831669736479156985e+00
3.832662817612778827e+00
3.834061800714788415e+00
3.835055668802901607e+00
3.836453820254241087e+00
3.837448484922098224e+00
3.838845873749414217e+00
3.839841350328599301e+00
3.841237896803850749e+00
3.842234133974273824e+00
3.843629889484681872e+00
3.844626910301897738e+00
3.846021800738839147e+00
3.847019612655496967e+00
3.848413762381277525e+00
3.849412385405998727e+00
3.850805681674441594e+00
3.851805106748381835e+00
3.853197653986607296e+00
3.854197882288002308e+00
3.855589577534793477e+00
3.856590609706054273e+00
3.857981542353850379e+00
3.858983372222934971e+00
3.860373456905663581e+00
3.861376103423660222e+00
3.862765439767187559e+00
3.863768902247990855e+00
3.865157393009932996e+00
3.866161672610016531e+00
3.867549404668945368e+00
3.868554492805943656e+00
3.869941374656501232e+00
3.870947275279520206e+00
3.872333393544977298e+00
3.873340120932394104e+00
3.874725403569140969e+00
3.875732958619921842e+00
3.877117482351060129e+00
3.878125865025363161e+00
3.879509535533091746e+00
3.880518731130524479e+00
3.881901637886105316e+00
3.882911677412081541e+00
3.884293750143917201e+00
3.885304628978850428e+00
3.886685942113727865e+00
3.887697666215987891e+00
3.889078140916239157e+00
3.890090694250586179e+00
3.891470388219084420e+00
3.892483793563197736e+00
3.893862649850948987e+00
3.894876893870675705e+00
3.896254989503571409e+00
3.897270100877985310e+00
3.898647355712611784e+00
3.899663322590345871e+00
3.901039806899162965e+00
3.902056620966629641e+00
3.903432250898298150e+00
3.904449923029770897e+00
3.905824778320479584e+00
3.906843316024079193e+00
3.908217327041043632e+00
3.909236731211328308e+00
3.910609964495201041e+00
3.911630242836913851e+00
3.913002632355385479e+00
3.914023785404771694e+00
3.915395389299497708e+00
3.916417421615513206e+00
3.917788177920257020e+00
3.918811084513727394e+00
3.920181051944251926e+00
3.921204853058565920e+00
3.922573964258929013e+00
3.923598642400893066e+00
3.924966967539564866e+00
3.925992544069447643e+00
3.927360003435128366e+00
3.928386476245116832e+00
3.929753152280859307e+00
3.930780527502817812e+00
3.932146335596735209e+00
3.933174610836690732e+00
3.934539616710128307e+00
3.935568799333649448e+00
3.936932934314703925e+00
3.937963021852595169e+00
3.939326353457170971e+00
3.940357364223353365e+00
3.941719820071679425e+00
3.942751745601199787e+00
3.944113395201562344e+00
3.945146251074219013e+00
3.946507016575641291e+00
3.947540789770898506e+00
3.948900736426673941e+00
3.949935448426311613e+00
3.951294507179492488e+00
3.952330149817438354e+00
3.953688388079938498e+00
3.954724976238504830e+00
3.956082313163615805e+00
3.957119837191964251e+00
3.958476341489649108e+00
3.959514820982477978e+00
3.960870428619447381e+00
3.961909857612500030e+00
3.963264621054352954e+00
3.964305015532226584e+00
3.965658870500529787e+00
3.966700214980691808e+00
3.968053216736328270e+00
3.969095539249749116e+00
3.970447621396595572e+00
3.971490904253152543e+00
3.972842128792996697e+00
3.973886402027176246e+00
3.975236698042494243e+00
3.976281942076646203e+00
3.977631370160239932e+00
3.978677608994921844e+00
3.980026090037639630e+00
3.981073307470089695e+00
3.982420915569893971e+00
3.983469143147349456e+00
3.984815795856416987e+00
3.985865011761076993e+00
3.987210773977985401e+00
3.988261004318554903e+00
3.989605806752455575e+00
3.990657048188672285e+00
3.992000945516852806e+00
3.993053202907115296e+00
3.994396121828347912e+00
3.995449396804464204e+00
3.996791404373046586e+00
3.997845719227399286e+00
3.999186741623241836e+00
4.000242086748465375e+00
4.001582184506277784e+00
4.002638575301395107e+00
4.003977669610826240e+00
4.005035095640095300e+00
4.006373235636496055e+00
4.007431713627511272e+00
4.008768848109514060e+00
4.009828391520898094e+00
4.011164574873689048e+00
4.012225191742801123e+00
4.013560342423353688e+00
4.014622001241964888e+00
4.015956151607505298e+00
4.017018896326897348e+00
4.018352016819615180e+00
4.019415840105915017e+00
4.020747977048744204e+00
4.021812915340625239e+00
4.023143984613392732e+00
4.024209992685881865e+00
4.025540044959625696e+00
4.026607157500028400e+00
4.027936125085714636e+00
4.029004343864984072e+00
4.030332296434012029e+00
4.031401660138280718e+00
4.032728526662332058e+00
4.033799000369726606e+00
4.035124815648158503e+00
4.036196422448772303e+00
4.037521099934318514e+00
4.038593830588337319e+00
4.039917457613922736e+00
4.040991359170898356e+00
4.042313857201813576e+00
4.043388906830803542e+00
4.044710302445646555e+00
4.045786500743721703e+00
4.047106724989899540e+00
4.048184090665904122e+00
4.049503209796735170e+00
4.050581764122433093e+00
4.051899713721846652e+00
4.052979457229296756e+00
4.054296258002287878e+00
4.055377198902705871e+00
4.056692801063197962e+00
4.057774923552371682e+00
4.059089357121568042e+00
4.060172722168303494e+00
4.061485938947908103e+00
4.062570517188978769e+00
4.063882561771763768e+00
4.064968388072210281e+00
4.066279167381975590e+00
4.067366216271149248e+00
4.068675774958789404e+00
4.069764086357282373e+00
4.071072378925920887e+00
4.072161951127930557e+00
4.073469000797014239e+00
4.074559855190988067e+00
4.075865583314313589e+00
4.076957685571150236e+00
4.078262143217131985e+00
4.079355569853488461e+00
4.080658687050195077e+00
4.081753393529631957e+00
4.083055220250697559e+00
4.084151269076673252e+00
4.085451714158537584e+00
4.086549074081835542e+00
4.087848197454520438e+00
4.088946903969029378e+00
4.090244612704994509e+00
4.091344670978180886e+00
4.092641034236802255e+00
4.093742471323660759e+00
4.095037401456695925e+00
4.096140211894001126e+00
4.097433735996260928e+00
4.098537931408036350e+00
4.099829978367215411e+00
4.100935579851562984e+00
4.102226207294698668e+00
4.103333251621232414e+00
4.104622367076004252e+00
4.105730818932924464e+00
4.107018443846121691e+00
4.108128342983788706e+00
4.109414421024469632e+00
4.110525783811942446e+00
4.111810346644280578e+00
4.112923192448632470e+00
4.114206175077120164e+00
4.115320512318526802e+00
4.116601931702566830e+00
4.117717792955664535e+00
4.118997584018889491e+00
4.120114947258817217e+00
4.121393128125697913e+00
4.122512069803766721e+00
4.123788607419949237e+00
4.124909113206947531e+00
4.126184008745452658e+00
4.127306113107673369e+00
4.128579269705719312e+00
4.129702928143721863e+00
4.130974394614453260e+00
4.132099723722236995e+00
4.133369435591322194e+00
4.134496399298855707e+00
4.135764379835547011e+00
4.136893011734626313e+00
4.138159138839787587e+00
4.139289420458621471e+00
4.140553754448855983e+00
4.141685768694447489e+00
4.142948229203739174e+00
4.144081958374191466e+00
4.145342586718470557e+00
4.146478089892466912e+00
4.147736764715290292e+00
4.148874028743805731e+00
4.150130804560909326e+00
4.151269867179520290e+00
4.152524636895981835e+00
4.153665545770619971e+00
4.154918385322599939e+00
4.156061172999581110e+00
4.157311958512694972e+00
4.158456615678654877e+00
4.159705353324553379e+00
4.160851902485407372e+00
4.162098519963643994e+00
4.163247034228040988e+00
4.164491575728236583e+00
4.165642085729743371e+00
4.166884456515430379e+00
4.168036949256724633e+00
4.169277105946261663e+00
4.170431623149442046e+00
4.171669528689397666e+00
4.172826118048716282e+00
4.174061786374023697e+00
4.175220504062053806e+00
4.176453851549720930e+00
4.177614696642689474e+00
4.178845696607115023e+00
4.180008728380943062e+00
4.181237314369949942e+00
4.182402535736188476e+00
4.183628708965541954e+00
4.184796242139229960e+00
4.186019950337639628e+00
4.187189771163727592e+00
4.188410980782282245e+00
4.189583154839565005e+00
4.190801736879408601e+00
4.191976243665039625e+00
4.193192250607924443e+00
4.194369255390596685e+00
4.195582603563811297e+00
4.196762099809403068e+00
4.197972773091434462e+00
4.199154788097097857e+00
4.200362618422349037e+00
4.201547174048326561e+00
4.202752209938672046e+00
4.203939440202594469e+00
4.205141593728599858e+00
4.206331512365123260e+00
4.207530781513113993e+00
4.208723473350836741e+00
4.209919686401283556e+00
4.211115154722433473e+00
4.212308342065150590e+00
4.213506683899302274e+00
4.214696730700948635e+00
4.215898048122014963e+00
4.217084969161830621e+00
4.218289298173075075e+00
4.219472937454966655e+00
4.220680321916852940e+00
4.221860627878041505e+00
4.223071145378376023e+00
4.224248055200614083e+00
4.225461823240150849e+00
4.226635302408426220e+00
4.227852410062751254e+00
4.229022330574163213e+00
4.230242777503292473e+00
4.231409036035602256e+00
4.232632957163448673e+00
4.233795490462695099e+00
4.235022982349748943e+00
4.236181738064732194e+00
4.237412889176702002e+00
4.238567718530496187e+00
4.239802615272237674e+00
4.240953458792326991e+00
4.242192219252985730e+00
4.243338950244113228e+00
4.244581652785211823e+00
4.245724191795981817e+00
4.246971017116768721e+00
4.248109237911077862e+00
4.249360210559877338e+00
4.250494018826143972e+00
4.251749329063364335e+00
4.252878543130357514e+00
4.254138275695256155e+00
4.255262879250780728e+00
4.256527207979185157e+00
4.257646949933453939e+00
4.258915982915987719e+00
4.260030808159403826e+00
4.261304691091127417e+00
4.262414380486942100e+00
4.263693292959096048e+00
4.264797780728292409e+00
4.266081895956221892e+00
4.267180940016824131e+00
4.268470373309710020e+00
4.269563845313308903e+00
4.270858831782812004e+00
4.271946510999776514e+00
4.273247218874078435e+00
4.274328988037138011e+00
4.275635640216518318e+00
4.276711218773884049e+00
4.278024006764871601e+00
4.279093223779436350e+00
4.280412359365513453e+00
4.281474939323521411e+00
4.282800679740318195e+00
4.283856458517662169e+00
4.285189092867104144e+00
4.286237766598298471e+00
4.287577531885323978e+00
4.288618864492940830e+00
4.289966052584988532e+00
4.290999668919670995e+00
4.292354567158985112e+00
4.293380231986439810e+00
4.294743186340597596e+00
4.295760500223381406e+00
4.297131864623715991e+00
4.298140527454938464e+00
4.299520658964118169e+00
4.300520206407645318e+00
4.301909506663170291e+00
4.302899546488839100e+00
4.304298413929855016e+00
4.305278450049358163e+00
4.306687366454185373e+00
4.307656907537332991e+00
4.309076333089062238e+00
4.310034740801618192e+00
4.311465093282785155e+00
4.312411716156556274e+00
4.313853548593387544e+00
4.314787552714508756e+00
4.316241285938057892e+00
4.317161815757478038e+00
4.318627859153152393e+00
4.319533596731807812e+00
4.321012205169838083e+00
4.321901671417773372e+00
4.323392743927706228e+00
4.324263688283928708e+00
4.325766662937108542e+00
4.326616159751059953e+00
4.328129770404212984e+00
4.328953461337136766e+00
4.330474803379492421e+00
4.331266035778208234e+00
4.332789384303236346e+00
4.333537464868052247e+00
4.335053112226256111e+00
4.335741861633035654e+00
4.337232532634681448e+00
4.337834899304296776e+00
4.339270383115931828e+00
4.339742592547321642e+00
4.341072403078320541e+00
4.341343182621596242e+00
4.342480887551451119e+00
4.342430352717299158e+00
4.343228495797879951e+00
4.342658276567829212e+00
4.342871005773772275e+00
4.341451638808314861e+00
4.340660632933761143e+00
4.337832624163448614e+00
4.335325847185323767e+00
4.330150107760965206e+00
4.324729309365513252e+00
4.315622331709067616e+00
