-4.726968734057853894e+00
-4.810627050770738045e+00
-4.582930588422476248e+00
-3.918641910360497693e+00
-2.811643331289439551e+00
-1.466868125152839264e+00
-2.792590189908914500e-01
3.933782420373641564e-01
5.027099130386687431e-01
4.005641662047916274e-01
9.037940437294395002e-02
-6.679929306698701996e-01
-1.777347438041974037e+00
-3.152827276208495899e+00
-4.669252201991513473e+00
-6.232997108400248898e+00
-7.751865565814464176e+00
-9.139394242544849334e+00
-1.033007035166034271e+01
-1.130781595762654668e+01
-1.204094650490396390e+01
-1.258262647746559182e+01
-1.324514450915011743e+01
-1.401956352247957049e+01
-1.459863778458076666e+01
-1.466230152176163060e+01
-1.409819739737397448e+01
-1.302166857799353927e+01
-1.166689528336704917e+01
-1.018157628358680888e+01
-8.578029369971773122e+00
-6.818664075740580977e+00
-4.940050844908279615e+00
-3.183404752009427074e+00
-1.687133370190023296e+00
-7.385256011957659350e-01
-4.228905366361810914e-01
-3.683319309295066124e-01
-5.577093796650314239e-01
-1.219776878417631272e+00
-2.249604817621762010e+00
-3.557305670123557473e+00
-5.014680388714403136e+00
-6.528788900170852116e+00
-8.009857553895423976e+00
-9.375705381021885998e+00
-1.056978433825828034e+01
-1.156851973287751889e+01
-1.233595914782309677e+01
-1.313529738410884917e+01
-1.410074586907744809e+01
-1.497366097202773716e+01
-1.540250594412686524e+01
-1.517395750602076809e+01
-1.432389685821479830e+01
-1.305225505302244215e+01
-1.156041795355950086e+01
-9.903820382155117841e+00
-8.031250821866438017e+00
-5.960161486597213454e+00
-3.860705947394651893e+00
-2.117820329598962381e+00
-8.738560182484492733e-01
-2.422469280432484051e-01
-2.709324041324018273e-02
-4.780493362534779349e-03
-2.079765655736306174e-01
-8.281889451421330373e-01
-1.838567679593853477e+00
-3.130327807089977821e+00
-4.618176440726172061e+00
-6.198375329778293086e+00
-7.825647520624157139e+00
-9.396117916114242519e+00
-1.087121765325841416e+01
-1.249137690827189040e+01
-1.426513990984038571e+01
-1.585177272439368679e+01
-1.688321991160024638e+01
-1.715784591811648951e+01
-1.671994028501416807e+01
-1.574006961212660016e+01
-1.436441318381802290e+01
-1.261099011128858471e+01
-1.043118894246354600e+01
-7.847034827079686359e+00
-5.075501514419472393e+00
-2.564466478997633025e+00
-7.217716395508415594e-01
3.012774093661794161e-01
1.010002198896164716e+00
1.628073111555790264e+00
2.077133459035265695e+00
2.420137489480583604e+00
2.668693913103889148e+00
2.861796247665416626e+00
3.002364986614259212e+00
3.114810116998634193e+00
3.197024933956226445e+00
3.265784825206226927e+00
3.316443422342569836e+00
3.361429863516759209e+00
3.394929057110671611e+00
3.426879570402315167e+00
3.450985514584444580e+00
3.475646566792337744e+00
3.494551125178610995e+00
3.515168605492176024e+00
3.531241311309745168e+00
3.549538253566574486e+00
3.564014740322384078e+00
3.581006190849235882e+00
3.594630378181759234e+00
3.610834672394305223e+00
3.623977042999629639e+00
3.639751293742730986e+00
3.652661897942870439e+00
3.668138663055833693e+00
3.680908039151157052e+00
3.696235130681249537e+00
3.708966123969027695e+00
3.724161190898101825e+00
3.736857446999235943e+00
3.751996486343981640e+00
3.764710942412222039e+00
3.779773761816828781e+00
3.792484084495926222e+00
3.807525010346273220e+00
3.820270100907917410e+00
3.835255808984675330e+00
3.848002945594513946e+00
3.862979241835347466e+00
3.875764789543518329e+00
3.890695711403402424e+00
3.903483307489584053e+00
3.918410226886944514e+00
3.931235872784745400e+00
3.946122517872592717e+00
3.958948200148031837e+00
3.973833726194305527e+00
3.986696654041782306e+00
4.001545382997870881e+00
4.014405939787800470e+00
4.029255468130185314e+00
4.042152812495324099e+00
4.056968227197430110e+00
4.069860733221759119e+00
4.084677405743101453e+00
4.097605757458935294e+00
4.112390696421250880e+00
4.125312221370764476e+00
4.140098883099954108e+00
4.153055798158471923e+00
4.167812557344930724e+00
4.180760683319119764e+00
4.195519435796342123e+00
4.208502996843402677e+00
4.223233717026897871e+00
4.236206626331874503e+00
4.250939207030208777e+00
4.263947627811528029e+00
4.278653831579444677e+00
4.291650049373009423e+00
4.306357906651064660e+00
4.319389948708542093e+00
4.334072987161504464e+00
4.347091250622337810e+00
4.361775482653634128e+00
4.374830003981642790e+00
4.389490859233032616e+00
4.402530177216017471e+00
4.417191743611389221e+00
4.430267966114583622e+00
4.444907515569120449e+00
4.457967043174166477e+00
4.472606502226805780e+00
4.485703782973912368e+00
4.500322698095394536e+00
4.513401938725763785e+00
4.528019846739583798e+00
4.541137644089792147e+00
4.555736268746040984e+00
4.568834761794328791e+00
4.583431435955856337e+00
4.596569614743588161e+00
4.611148250902221690e+00
4.624265688825740739e+00
4.638841155280856832e+00
4.651999556483056075e+00
4.666558298813866301e+00
4.679694671608727319e+00
4.694248840006829404e+00
4.707427609925693979e+00
4.721966308412314461e+00
4.735121689385185739e+00
4.749654143636203862e+00
4.762853540021249721e+00
4.777371700763517914e+00
4.790546299452175916e+00
4.805056271439375415e+00
4.818276648803633933e+00
4.832773275539097746e+00
4.845967160002847329e+00
4.860453021503055027e+00
4.873694541300137573e+00
4.888167542724723091e+00
4.901380124373217129e+00
4.915838150458194278e+00
4.929099090081156653e+00
4.943543225123980811e+00
4.956771224259861164e+00
4.971192910317707714e+00
4.984466173597731142e+00
4.998865468681504609e+00
5.012092224649351557e+00
5.026449209416273156e+00
5.039704496688818480e+00
5.054010705824027561e+00
5.067178229479236684e+00
5.081380853295902611e+00
5.094507028808471283e+00
5.108557655006204179e+00
5.121459930405602101e+00
5.135212131500300536e+00
5.147821122755068757e+00
5.161060529025832899e+00
5.172958632235903131e+00
5.185223755612523355e+00
5.195934554547454454e+00
5.206430566934953319e+00
5.214706821321110297e+00
5.221810366629721756e+00
5.225618762963565977e+00
5.226384501311250652e+00
5.221501293601574112e+00
5.210086162869768778e+00
5.188583316646736776e+00
5.153677464240091766e+00
5.099752008525648250e+00
5.019201076044536691e+00
4.902391773412570153e+00
4.732528634527477074e+00
4.492786037405276822e+00
4.146513922778473749e+00
3.694679382006623047e+00
3.072564347724233702e+00
1.967335989982392341e+00
4.009298950932263517e-01
-1.293672061711042875e+00
-2.749193749767828709e+00
-3.780068390003538781e+00
-4.400227731444707580e+00
