1.476166071693102433e+00
1.206976058787934791e+00
8.665574579078517692e-01
4.414331163516451717e-01
-4.697449230828459887e-02
-5.232594410046182976e-01
-8.956598798004637985e-01
-1.104281764669889920e+00
-1.097291475530032034e+00
-8.875003385300848091e-01
-5.308594544583035146e-01
-1.289253754338510194e-01
2.205818189189757139e-01
3.854938638909338189e-01
3.114954790015461161e-01
-4.652202394406775021e-02
-6.202190035303100091e-01
-1.531837992502790069e+00
-3.080498783872398061e+00
-5.200346514352635729e+00
-7.539384001484305209e+00
-9.684417735246897863e+00
-1.135462024084335830e+01
-1.249902145157115108e+01
-1.361739044382300001e+01
-1.513886392740113074e+01
-1.700546477440685322e+01
-1.876680236293942272e+01
-1.984110695507569488e+01
-1.984624873573654114e+01
-1.879474423817593376e+01
-1.709768873580742010e+01
-1.533391694860179655e+01
-1.394149111393322649e+01
-1.294295335521435852e+01
-1.189606453875395253e+01
-1.033411966408634264e+01
-8.364610681608573017e+00
-6.279421474860589214e+00
-4.526240643337120062e+00
-3.442696606563836248e+00
-3.104545505528431892e+00
-3.132395056873295225e+00
-3.570683625116905624e+00
-4.766977304011219552e+00
-6.608378269536929750e+00
-8.729736205761041035e+00
-1.069994415631000173e+01
-1.223080812316150379e+01
-1.327571864289381232e+01
-1.434552966480884706e+01
-1.582972540465464739e+01
-1.764699859456920095e+01
-1.932960929536777073e+01
-2.030760171553521687e+01
-2.021422062208509018e+01
-1.908737372243808039e+01
-1.734510982529573297e+01
-1.556540184892980960e+01
-1.416409834129883372e+01
-1.314556875251329338e+01
-1.205117684345930584e+01
-1.043730330754733870e+01
-8.430281795689785085e+00
-6.334227482464732439e+00
-4.597292985453835357e+00
-3.546805428221501355e+00
-3.229386233719824251e+00
-3.258988832797157009e+00
-3.725466300772929618e+00
-4.957916204443761465e+00
-6.818880670310229597e+00
-8.932960055726509196e+00
-1.087408644389026691e+01
-1.236433659318166001e+01
-1.338254412773250124e+01
-1.445707037747095924e+01
-1.595581378304829734e+01
-1.777676630260611290e+01
-1.943422994562135742e+01
-2.036193908296534616e+01
-2.020675810311181309e+01
-1.903207633169789759e+01
-1.727041773803451719e+01
-1.550462974444794284e+01
-1.413201866688022967e+01
-1.313271091790912593e+01
-1.202336030022412672e+01
-1.038862026305602093e+01
-8.372264942298720314e+00
-6.282793736410362762e+00
-4.570062145371109885e+00
-3.553378096108761319e+00
-3.259528171743130809e+00
-3.299866136575122955e+00
-3.797888509698962078e+00
-5.065505019882446724e+00
-6.947730343294837851e+00
-9.060556497562879841e+00
-1.098381142212578432e+01
-1.244570917843067370e+01
-1.345015172072716680e+01
-1.453907258930133573e+01
-1.605756233574813763e+01
-1.788373711028817326e+01
-1.951782896280846202e+01
-2.039918480131876777e+01
-2.018928885725235389e+01
-1.897425574339188259e+01
-1.719830776424688068e+01
-1.544567549384156457e+01
-1.409556918258360270e+01
-1.310657027839834754e+01
-1.197739767234146591e+01
-1.031927159758461698e+01
-8.291388173603211342e+00
-6.208928031316744089e+00
-4.522233124799503123e+00
-3.541509282303060502e+00
-3.271292929381129699e+00
-3.322803092588610507e+00
-3.851123394161766189e+00
-5.150541271378484609e+00
-7.052049707897306341e+00
-9.164230656190360591e+00
-1.107289178454886347e+01
-1.251097505379519603e+01
-1.350631112987130322e+01
-1.461099556279926404e+01
-1.614849666087107494e+01
-1.797883451320910453e+01
-1.959067907026267719e+01
-2.042938074549896754e+01
-2.017050444273058218e+01
-1.892037828402646227e+01
-1.713308974060377565e+01
-1.539279862047935588e+01
-1.406183026288459281e+01
-1.307941754266522061e+01
-1.193014366912563062e+01
-1.025014264332424219e+01
-8.211715127885321763e+00
-6.137048420464547682e+00
-4.476006126800234242e+00
-3.530204878497209542e+00
-3.282079718513954081e+00
-3.345421119203219718e+00
-3.906254884007430483e+00
-5.238976093785086441e+00
-7.160168481948454122e+00
-9.270614494076179213e+00
-1.116319458927878472e+01
-1.257537218571087223e+01
-1.356368669698086826e+01
-1.468910638932897150e+01
-1.624905197913007626e+01
-1.808272933961417905e+01
-1.966700127771915518e+01
-2.045520744540954183e+01
-2.014008033470680203e+01
-1.885059754537599730e+01
-1.705130984770647373e+01
-1.532461994487315238e+01
-1.401305330343258326e+01
-1.303382999290469968e+01
-1.185791700123331793e+01
-1.015040303427611335e+01
-8.097993593945622237e+00
-6.031521633463914789e+00
-4.399451052523117411e+00
-3.492158565291501038e+00
-3.266147957166353422e+00
-3.340661844103568701e+00
-3.931198621695524587e+00
-5.292712682884774367e+00
-7.231725401139891041e+00
-9.342501797217702020e+00
-1.122497655683867279e+01
-1.261706613838619617e+01
-1.361022507777211921e+01
-1.477003980295106444e+01
-1.635930990984106259e+01
-1.819394611522485050e+01
-1.974138851918143800e+01
-2.046810166568007716e+01
-2.008850630062260478e+01
-1.875578491861216079e+01
-1.694278726758225062e+01
-1.522545322362479681e+01
-1.392274026284715660e+01
-1.292987064725944535e+01
-1.170872860262551285e+01
-9.954491619288392101e+00
-7.871861247995975752e+00
-5.803076149066841438e+00
-4.193789072851746624e+00
-3.314332634399854705e+00
-3.094553267947684372e+00
-3.159939868221615544e+00
-3.717055399868989696e+00
-5.040098967610418867e+00
-6.968827770983485159e+00
-9.110882934593652394e+00
-1.105728468223151673e+01
-1.251017866336596285e+01
-1.362050082698001141e+01
-1.491960241168640700e+01
-1.658007811573225254e+01
-1.839459983997895165e+01
-1.984837342309603159e+01
-2.046291162441434608e+01
-1.999333134630390063e+01
-1.861512025075341370e+01
-1.677485124418724283e+01
-1.501003255170670059e+01
-1.359574215246432161e+01
-1.243950794690995920e+01
-1.103140591492453382e+01
-9.091164693946724995e+00
-6.859316372856336663e+00
-4.724868279886529798e+00
-3.093833643775808717e+00
-2.188087393267390102e+00
-1.824064575494226625e+00
-1.781282053189446657e+00
-2.068083603898769773e+00
-2.782628774065081689e+00
-4.250084212640778958e+00
-6.401234814819900976e+00
-8.883944680721713283e+00
-1.156562718600060080e+01
-1.425536616834099490e+01
-1.663532939521249432e+01
-1.846942420285966335e+01
-1.966998137208727471e+01
-2.028546519663193592e+01
-2.038767979384342155e+01
-2.000909561208010956e+01
-1.910748640633951823e+01
-1.761038746845540004e+01
-1.548253475962443737e+01
-1.283234003014927893e+01
-9.907463601376766960e+00
-7.013805302391945773e+00
-4.304001585703703725e+00
-1.902994773870158252e+00
-1.392206835204645998e-01
1.008819221639252195e+00
1.901677879251908676e+00
2.631694534782756278e+00
3.180072411142382816e+00
3.602540147880496590e+00
3.919300483734514451e+00
4.162397807417383078e+00
4.343610847418108101e+00
4.482739889821372614e+00
4.585486541226591051e+00
4.664612315357784311e+00
4.722130057459541952e+00
4.766696661704213689e+00
4.798200255741657649e+00
4.822862227320006134e+00
4.839386568599330474e+00
4.852543560234179765e+00
4.860417506633035067e+00
4.866902679882087135e+00
4.869773922903433139e+00
4.872377606717828158e+00
4.872349661221596406e+00
4.872683308938113633e+00
4.870970682289871512e+00
4.869970845733511133e+00
4.867282030479436195e+00
4.865497208136523533e+00
4.862243058485546499e+00
4.859991404521763592e+00
4.856411051549414992e+00
4.853880450851953299e+00
4.850113578558705285e+00
4.847414260124693897e+00
4.843542714153962869e+00
4.840739852333483029e+00
4.836810306156054118e+00
4.833941940732756848e+00
4.829982466520898576e+00
4.827072296099553128e+00
4.823098665043834110e+00
4.820159782161662854e+00
4.816181181428683011e+00
4.813222438353599308e+00
4.809243843232978932e+00
4.806269835940402579e+00
4.802294369162360077e+00
4.799308638164397678e+00
4.795337516527287569e+00
4.792341725525474772e+00
4.788376039932198402e+00
4.785371946006054422e+00
4.781411793955747669e+00
4.778399894228013700e+00
4.774445564328041236e+00
4.771426890796734988e+00
4.767478114747126128e+00
4.764452783970897443e+00
4.760509697908649862e+00
4.757478467431975666e+00
4.753540665187946601e+00
4.750503468969029086e+00
4.746571019644028944e+00
4.743528466497181739e+00
4.739600968883928012e+00
4.736552921333482047e+00
4.732630427166518494e+00
4.729577425598520790e+00
4.725659551601227193e+00
4.722601426042829509e+00
4.718688242528878085e+00
4.715625471094726961e+00
4.711716628005775398e+00
4.708649059499692591e+00
4.704744627500305754e+00
4.701672701123102982e+00
4.697772366158176283e+00
4.694695867006807966e+00
4.690799671805385707e+00
4.687719059201869598e+00
4.683826748190568878e+00
4.680741829589117664e+00
4.676853510544810355e+00
4.673764681545033106e+00
4.669879998474553595e+00
4.666787052501675248e+00
4.662906127723185357e+00
4.659809382922880161e+00
4.655931945067550259e+00
4.652831331743387366e+00
4.648957477002343630e+00
4.645853237069587749e+00
4.641982744237053815e+00
4.638874741725000028e+00
4.635007624584877028e+00
4.631896167008789256e+00
4.628032282152370946e+00
4.624917195330217723e+00
4.621056590302651479e+00
4.617938234366740780e+00
4.614080755071428008e+00
4.610958910845981862e+00
4.607104541085240257e+00
4.603979465799246995e+00
4.600128068535155990e+00
4.596999642898744298e+00
4.593151291291796667e+00
4.590019825881054949e+00
4.586174375081193411e+00
4.583039634170702925e+00
4.579197077460379184e+00
4.576059352746233877e+00
4.572219566000194746e+00
4.569078695070200702e+00
4.565241762586272678e+00
4.562098069148130541e+00
4.558263865383063163e+00
4.555117119923855817e+00
4.551285636209932761e+00
4.548136086317968285e+00
4.544307186682672750e+00
4.541154665362918230e+00
4.537328444767913638e+00
4.534173242328543907e+00
4.530349579238783342e+00
4.527191538983147190e+00
4.523370483129408370e+00
4.520209804426813527e+00
4.516391174165122813e+00
4.513227672636523025e+00
4.509411563564620806e+00
4.506245541444893199e+00
4.502431872524581991e+00
4.499263181769280528e+00
4.495452005789676519e+00
4.492280818959682342e+00
4.488471942511551127e+00
4.485298104662360785e+00
4.481491628486132583e+00
4.478315364255831987e+00
4.474511204878236725e+00
4.471332438528683006e+00
4.467530639120563585e+00
4.464349505444196176e+00
4.460549965514787552e+00
4.457366342251896540e+00
4.453569072374888194e+00
4.450383142129771485e+00
4.446588077265402283e+00
4.443399715757924362e+00
4.439606892331110721e+00
4.436416289399386592e+00
4.432625642021652546e+00
4.429432675074246539e+00
4.425644194455803593e+00
4.422449023260798029e+00
4.418662687083537932e+00
4.415465209033761163e+00
4.411681036838198011e+00
4.408481456522879149e+00
4.404699369693331867e+00
4.401497483701729330e+00
4.397717488850836354e+00
4.394513510344084217e+00
4.390735561847293411e+00
4.387529375247098073e+00
4.383753531149163329e+00
4.380545349362778396e+00
4.376771529382087245e+00
4.373561142877929520e+00
4.369789360613839158e+00
4.366576995061383748e+00
4.362807166013978666e+00
4.359592649805245301e+00
4.355824853513672323e+00
4.352608387109542676e+00
4.348842527994224660e+00
4.345623982533901142e+00
4.341860112071289635e+00
4.338639652801171920e+00
4.334877688934179574e+00
4.331655149629129120e+00
4.327895134877985051e+00
4.324670748526869168e+00
4.320912632938727072e+00
4.317686237571288999e+00
4.313930061389759985e+00
4.310701813461355947e+00
4.306947478819838082e+00
4.303717238996819461e+00
4.299964791133119135e+00
4.296732756480245108e+00
4.292982183290848575e+00
4.289748224254465114e+00
4.285999518552037202e+00
4.282763779712109198e+00
4.279016887934263380e+00
4.275779236695424146e+00
4.272034185156584840e+00
4.268794781566657370e+00
4.265051528916489865e+00
4.261810232201088233e+00
4.258068781495006228e+00
4.254825775204631455e+00
4.251086111460212535e+00
4.247841238928906193e+00
4.244103368201729509e+00
4.240856800454184672e+00
4.237120667701590015e+00
4.233872275899999593e+00
4.230137934082756956e+00
4.226887871104882954e+00
4.223155268914787541e+00
4.219903406394894141e+00
4.216172538547153792e+00
4.212919021343386916e+00
4.209189888329826879e+00
4.205934601508174886e+00
4.202207204950725306e+00
4.198950307693526618e+00
4.195224610396903309e+00
4.191965948248632223e+00
4.188241970787639268e+00
4.184981709971204999e+00
4.181259407555608654e+00
4.177997417937500124e+00
4.174276824245758633e+00
4.171013240475446082e+00
4.167294295247041980e+00
4.164029004345089824e+00
4.160311746882700668e+00
4.157044862179883005e+00
4.153329234939174164e+00
4.150060664676423094e+00
4.146346692244503807e+00
4.143076563778152810e+00
4.139364259858342443e+00
4.136092470794671350e+00
4.132381792442354929e+00
4.129108462687304915e+00
4.125399400812332473e+00
4.122124395598716795e+00
4.118416981218834039e+00
4.115140469128738765e+00
4.111434654968358693e+00
4.108156513341238991e+00
4.104452326696596209e+00
4.101172656037862296e+00
4.097470054977621956e+00
4.094188756034737864e+00
4.090487745983202750e+00
4.087204962323298219e+00
4.083505559588030742e+00
4.080221166650502163e+00
4.076523360418666364e+00
4.073237489516657206e+00
4.069541244946567993e+00
4.066253747347767344e+00
4.062559046501617921e+00
4.059270058181390084e+00
4.055576929213336790e+00
4.052286363430106064e+00
4.048594815567075678e+00
4.045302802363838879e+00
4.041612795244084566e+00
4.038319189113811269e+00
4.034630736846652077e+00
4.031335664955553177e+00
4.027648750922488752e+00
4.024352139211188728e+00
4.020666781396288414e+00
4.017368710912611718e+00
4.013684888784654348e+00
4.010385267341545656e+00
4.006702957976953527e+00
4.003401872899944536e+00
3.999721089880022173e+00
3.996418478364397231e+00
3.992739226947796372e+00
3.989435181008733178e+00
3.985757470077734066e+00
3.982451902271065602e+00
3.978775677694168511e+00
3.975468650326924980e+00
3.971793928844586929e+00
3.968485354871567949e+00
3.964812124213197286e+00
3.961502145654855145e+00
3.957830441750278982e+00
3.954518934560240062e+00
3.950848722949274361e+00
3.947535810409765755e+00
3.943867104120452272e+00
3.940552665401953369e+00
3.936885444950307011e+00
3.933569594434793704e+00
3.929903860785993519e+00
3.926586488818024190e+00
3.922922241534542387e+00
3.919603473185602649e+00
3.915940722124135132e+00
3.912620441913085667e+00
3.908959168468526979e+00
3.905637485994531310e+00
3.901977690058482384e+00
3.898654492677902095e+00
3.894996161442773275e+00
3.891671557378822310e+00
3.888014709380217759e+00
3.884688608352929950e+00
3.881033230434012715e+00
3.877705731079687190e+00
3.874051831228208620e+00
3.870722823649469735e+00
3.867070368739174313e+00
3.863739955543638249e+00
3.860088982886132669e+00
3.856757080558063766e+00
3.853107571884570426e+00
3.849774275382561672e+00
3.846126242837807130e+00
3.842791455259152222e+00
3.839144871125028224e+00
3.835808667201143773e+00
3.832163553823214386e+00
3.828825864385798194e+00
3.825182197674609430e+00
3.821843111058565778e+00
3.818200928121121773e+00
3.814860352745367944e+00
3.811219623599497730e+00
3.807877650901311029e+00
3.804238379082728994e+00
3.800894900994168601e+00
3.797257078344140613e+00
3.793912198448493367e+00
3.790275841528348177e+00
3.786929470006946907e+00
3.783294565629938599e+00
3.779946789677539165e+00
3.776313352301980952e+00
3.772964086153989705e+00
3.769332104110657777e+00
3.765981428521986363e+00
3.762350911880691928e+00
3.758998744701059991e+00
3.755369676950557789e+00
3.752016094379380551e+00
3.748388502019503132e+00
3.745033423572238007e+00
3.741407274629687141e+00
3.738050784319503883e+00
3.734426112258063313e+00
3.731068114979743111e+00
3.727444897991936124e+00
3.724085495876255703e+00
3.720463754582087557e+00
3.717102843539927370e+00
3.713482558641210574e+00
3.710120224037471992e+00
3.706501413186579441e+00
3.703137569439788113e+00
3.699520214906166338e+00
3.696154945145730952e+00
3.692539077251172142e+00
3.689172294417354614e+00
3.685557887387415743e+00
3.682189677927176774e+00
3.678576761509207760e+00
3.675207031654213363e+00
3.671595575181110682e+00
3.668224405674692878e+00
3.664614444257952020e+00
3.661241752065067079e+00
3.657633260143331455e+00
3.654259127736495305e+00
3.650652135403432030e+00
3.647276466667745520e+00
3.643670945699023722e+00
3.640293826277511080e+00
3.636689810986077021e+00
3.633311160435295672e+00
3.629708628818331562e+00
3.626328515852594858e+00
3.622727497512723271e+00
3.619345843894503201e+00
3.615746306825502021e+00
3.612363181845089422e+00
3.608765169457338384e+00
3.605380492571623741e+00
3.601783969313365308e+00
3.598397818345172805e+00
3.594802830833649487e+00
3.591415119833119451e+00
3.587821630239118598e+00
3.584432434471652051e+00
3.580840483735909352e+00
3.577449710704743158e+00
3.573859264696596316e+00
3.570467002802734324e+00
3.566878110413058245e+00
3.563484263185881407e+00
3.559896884771568182e+00
3.556501531902762192e+00
3.552915710615513145e+00
3.549518769084625713e+00
3.545934484201060055e+00
3.542536022272516849e+00
3.538953296427734596e+00
3.535553228124804548e+00
3.531972044756808149e+00
3.528570450814537018e+00
3.524990850974609735e+00
3.521587643821121993e+00
3.518009599968135781e+00
3.514604855154910723e+00
3.511028401129269394e+00
3.507622025742187510e+00
3.504047133643526823e+00
3.500639190485546948e+00
3.497065895512862621e+00
3.493656321273270304e+00
3.490084619559235879e+00
3.486673481047934953e+00
3.483103399451785265e+00
3.479690602601813509e+00
3.476122092625111293e+00
3.472707683977483306e+00
3.469140809136578962e+00
3.465724746103320264e+00
3.462159481015904650e+00
3.458741821645424430e+00
3.455178222593163984e+00
3.451758872809486345e+00
3.448196877506222169e+00
3.444775898555469063e+00
3.441215562121679561e+00
3.437792875337834619e+00
3.434234181007087106e+00
3.430809868707839883e+00
3.427252877263085917e+00
3.423826856596679846e+00
3.420271514470898389e+00
3.416843831952316002e+00
3.413290184459514709e+00
3.409860742494168484e+00
3.406308760428348403e+00
3.402877657543666334e+00
3.399327412633817325e+00
3.395894559566573712e+00
3.392346009212835245e+00
3.388911445366071806e+00
3.385364614213476120e+00
3.381928257283147499e+00
3.378383142105831460e+00
3.374945070100530131e+00
3.371401719661579310e+00
3.367961859333007624e+00
3.364420254641099284e+00
3.360978637840904337e+00
3.357438809173297845e+00
3.353995372997237379e+00
3.350457285203571001e+00
3.347012070596093736e+00
3.343475810081222299e+00
3.340028760400362895e+00
3.336494280187388473e+00
3.333045451122823799e+00
3.329512810674609025e+00
3.326062097976506760e+00
3.322531252012416392e+00
3.319078709520396409e+00
3.315549721097321711e+00
3.312095293606166280e+00
3.308568145045786668e+00
3.305111866490596295e+00
3.301586604906194378e+00
3.298128388788560184e+00
3.294604959660183852e+00
3.291144863546763055e+00
3.287623368492913034e+00
3.284161315105971202e+00
3.280641691890625378e+00
3.277177738237639915e+00
3.273660075651227963e+00
3.270194123683509702e+00
3.266678369661104586e+00
3.263210486667187382e+00
3.259696705401841310e+00
3.256226789320759263e+00
3.252714966622879178e+00
3.249243096861271773e+00
3.245733286586244493e+00
3.242259366936885989e+00
3.238751544997795939e+00
3.235275607782282403e+00
3.231769812865820324e+00
3.228291781114927428e+00
3.224788012084849775e+00
3.221307948951227740e+00
3.217806276051311531e+00
3.214324083537360544e+00
3.210824447591657638e+00
3.207340153475083611e+00
3.203842627795758791e+00
3.200356166562862370e+00
3.196860743075306655e+00
3.193372154211495229e+00
3.189878881908788877e+00
3.186388090682030771e+00
3.182896959320535846e+00
3.179403991026953147e+00
3.175915062612388873e+00
3.172419846756584949e+00
3.168933079907170658e+00
3.165435635357868538e+00
3.161951135476339214e+00
3.158451427251506516e+00
3.154969157680161285e+00
3.151467186296177392e+00
3.147987213882756929e+00
3.144482879166099032e+00
3.141005141485184282e+00
3.137498496802817893e+00
3.134023139435714533e+00
3.130514112524664938e+00
3.127041077855329032e+00
3.123529695091043834e+00
3.120059048816294478e+00
3.116545186169223935e+00
3.113076890723298185e+00
3.109560604750976953e+00
3.106094772787834746e+00
3.102575983236271817e+00
3.099112572029045776e+00
3.095591316433621731e+00
3.092130425913811376e+00
3.088606584310323644e+00
3.085148173596288679e+00
3.081621798664899270e+00
3.078165941964118080e+00
3.074636917915122503e+00
3.071183635269140400e+00
3.067652042246289401e+00
3.064201405439369363e+00
3.060667116129436316e+00
3.057219094105413149e+00
3.053682115314173995e+00
3.050236764170452197e+00
3.046697012616071731e+00
3.043254376412499962e+00
3.039711897586188094e+00
3.036272049820535557e+00
3.032726749410518785e+00
3.029289651316825260e+00
3.025741480298493435e+00
3.022307207393666317e+00
3.018756119816015104e+00
3.015324694159989161e+00
3.011770710443024690e+00
3.008342229429771031e+00
3.004785258505329182e+00
3.001359698728459868e+00
2.997799704871986659e+00
2.994377153738839059e+00
2.990814074889146301e+00
2.987394512575502148e+00
2.983828335139648402e+00
2.980411928968638602e+00
2.976842610065987493e+00
2.973429302054603873e+00
2.969856792405384915e+00
2.966446692443638344e+00
2.962870865412305044e+00
2.959463919846540225e+00
2.955884813477455797e+00
2.952481234528710807e+00
2.948898773648214178e+00
2.945498521834932770e+00
2.941912673083593610e+00
2.938515823463644150e+00
2.934926422383203448e+00
2.931532957825893071e+00
2.927940034212193066e+00
2.924550138194838222e+00
2.920953613052399422e+00
2.917567263419168277e+00
2.913967113163923539e+00
2.910584449571121723e+00
2.906980510727790623e+00
2.903601490564425180e+00
2.899993778631222430e+00
2.896618556039062486e+00
2.893006945940513219e+00
2.889635580759095657e+00
2.886020087296484071e+00
2.882652664255664465e+00
2.879033121862388800e+00
2.875669659165094760e+00
2.872046008277231888e+00
2.868686618230775309e+00
2.865058783056613212e+00
2.861703555017410583e+00
2.858071492908482281e+00
2.854720563270507938e+00
2.851084152347544975e+00
2.847737496461607343e+00
2.844096605108092035e+00
2.840754385577120456e+00
2.837108949685295478e+00
2.833771239401980946e+00
2.830121192145898856e+00
2.826788128502315978e+00
2.823133323730078192e+00
2.819804954114704110e+00
2.816145302019112950e+00
2.812821795581612605e+00
2.809157182958537557e+00
2.805838584697321725e+00
2.802168898082030957e+00
2.798855431982673281e+00
2.795180555578320458e+00
2.791872208583035864e+00
2.788192013201841402e+00
2.784889041067215576e+00
2.781203363216266933e+00
2.777905790405803543e+00
2.774214565977706659e+00
2.770922640734933218e+00
2.767225637867215315e+00
2.763939410007812736e+00
2.760236540356556301e+00
2.756956231742187846e+00
2.753247277213364708e+00
2.749972994959653416e+00
2.746257857817243409e+00
2.742989858452539398e+00
2.739268310135239748e+00
2.736006651338336759e+00
2.732278513843554357e+00
2.729023491219419562e+00
2.725288560568666529e+00
2.722040285743052568e+00
2.718298400856277830e+00
2.715057173137332747e+00
2.711308058738616023e+00
2.708073992372656225e+00
2.704317433442466445e+00
2.701090813608705066e+00
2.697326532640038632e+00
2.694107539723884059e+00
2.690335307061160641e+00
2.687124275894196668e+00
2.683343780524079403e+00
2.680140858940234239e+00
2.676351768409682030e+00
2.673157281504324523e+00
2.669359191733008174e+00
2.666173266679938703e+00
2.662365768919642939e+00
2.659188714721986369e+00
2.655371283179938757e+00
2.652203176805971285e+00
2.648375215254408666e+00
2.645216216830022393e+00
2.641376915764034550e+00
2.638226866264118620e+00
2.634375188836300286e+00
2.631233867608007593e+00
2.627368459279018076e+00
2.624235148374079341e+00
2.620354047808705733e+00
2.617227527789425245e+00
2.613327944337304309e+00
2.610205830714257935e+00
2.606283657971819157e+00
2.603162389199190851e+00
2.599211556607784246e+00
2.596084733714090209e+00
2.592095887894140471e+00
2.588953631746568451e+00
2.584912593546958792e+00
2.581738796104548150e+00
2.577623540420954207e+00
2.574392420548381910e+00
2.570168382391545769e+00
2.566838776201813221e+00
2.562452449108705288e+00
2.558959887552930024e+00
2.554327214494308329e+00
2.550567881065819886e+00
2.545555334891741239e+00
2.541364654640569487e+00
2.535762414235156026e+00
2.530879778504910860e+00
2.524354976195898548e+00
2.518362779227175885e+00
2.510383022875753323e+00
2.502614022000167360e+00
2.492332888983482597e+00
2.481721616380608175e+00
2.467782002457254542e+00
2.452609958592550043e+00
2.432822596483621869e+00
2.410321316152594928e+00
2.381170154561607522e+00
2.346885308531417191e+00
2.302696525568136199e+00
2.249419665763839227e+00
2.181028333873214375e+00
2.097165849709319296e+00
1.989907952897940868e+00
1.856963185806523198e+00
1.687501051655493800e+00
