1.140772892489869905e+00
1.320299876821057428e+00
1.778453321669976717e+00
2.359847596671406311e+00
2.881855950481075901e+00
3.145663558001273508e+00
3.086289971726098980e+00
2.658525375310417438e+00
1.908717398267761878e+00
7.424106821001844603e-01
-1.308028775769212837e+00
-4.083731911769796774e+00
-6.887264831895445916e+00
-9.099540520743696348e+00
-1.054164142606193977e+01
-1.199963539392014411e+01
-1.408130717020931932e+01
-1.635052988768253712e+01
-1.782229550065298440e+01
-1.773990872436293742e+01
-1.618692589063844167e+01
-1.401410536266572748e+01
-1.217259969498995886e+01
-1.093777717887219758e+01
-9.581336358121594898e+00
-7.472370656466288175e+00
-4.960738722354141039e+00
-2.715161588923682867e+00
-1.445275655840052353e+00
-1.166605788887400630e+00
-1.400048445354918680e+00
-2.536666895582237569e+00
-4.723349269251051474e+00
-7.289932147933686046e+00
-9.553719234691508078e+00
-1.106108266717973621e+01
-1.229775016441232083e+01
-1.408203162401007091e+01
-1.630516709279774545e+01
-1.807555508078250384e+01
-1.848196473702792630e+01
-1.729471911813895346e+01
-1.516720624706431408e+01
-1.309658403336915988e+01
-1.166226837008358785e+01
-1.041978853980754316e+01
-8.529194124705922420e+00
-6.043962743799567328e+00
-3.597146011183375514e+00
-1.910172516257617970e+00
-1.335049547917910751e+00
-1.366883464989715247e+00
-2.082496908096041377e+00
-3.919166173481753113e+00
-6.416562477195441261e+00
-8.849338257751005798e+00
-1.063565940251549335e+01
-1.180913372430684127e+01
-1.324189155229861647e+01
-1.533596513579346876e+01
-1.743462051627878751e+01
-1.851021781745626882e+01
-1.793948043684435589e+01
-1.603290585420545256e+01
-1.375297556927232812e+01
-1.198688903697003205e+01
-1.074181507938483726e+01
-9.152971211992561251e+00
-6.828162210130590992e+00
-4.238302359571683553e+00
-2.064000276180035343e+00
-9.840422509942770013e-01
-7.750167726667178680e-01
-1.246539767645931329e+00
-2.798592302631964568e+00
-5.010264092836631988e+00
-7.060781510379753989e+00
-8.321782798840629880e+00
-8.692173078387972041e+00
-8.503946882686019393e+00
-8.120931147734884448e+00
-7.566815989032130929e+00
-6.504755536357909484e+00
-4.616103132546372834e+00
-1.970654513742782665e+00
8.557038739048030695e-01
3.134346383572852446e+00
4.527299542438124824e+00
5.470214454113547120e+00
6.218454708405356968e+00
6.737824993987389099e+00
7.109397170750931139e+00
7.359312399799775584e+00
7.531972737155506081e+00
7.641001608649330201e+00
7.711285326164546206e+00
7.748184942124851204e+00
7.766326812826638282e+00
7.766939675026637069e+00
7.758947039168525350e+00
7.741412203808296866e+00
7.720190014748549601e+00
7.693602582426747993e+00
7.665738181111608540e+00
7.634620359615959195e+00
7.603346628915514493e+00
7.570024872105989289e+00
7.537055505193935190e+00
7.502618229453422494e+00
7.468713195459336873e+00
7.433759507312575288e+00
7.399410569714732766e+00
7.364201593750408392e+00
7.329564159341295237e+00
7.294256445045313342e+00
7.259493989887872978e+00
7.224139144862463446e+00
7.189260617775408591e+00
7.153908224877418398e+00
7.118992344748475531e+00
7.083643429847766626e+00
7.048660605006881852e+00
7.013333688252231468e+00
6.978338133995983128e+00
6.943026810131099680e+00
6.907982115665698863e+00
6.872693990485789328e+00
6.837643732817670461e+00
6.802372945145163996e+00
6.767281326027195121e+00
6.732031616161309628e+00
6.696937164873139281e+00
6.661704981165662787e+00
6.626573490235118769e+00
6.591359591614100566e+00
6.556225984664955320e+00
6.521029728029167138e+00
6.485861924321392635e+00
6.450681790586421549e+00
6.415511787401674049e+00
6.380349513093191760e+00
6.345147095036942630e+00
6.309999209200966241e+00
6.274793691840141463e+00
6.239664134015216135e+00
6.204426975256287058e+00
6.169310230169605447e+00
6.134068182106584111e+00
6.098970004750891682e+00
6.063695605145759338e+00
6.028608091375595279e+00
5.993324845962537673e+00
5.958254360523214110e+00
5.922934503988132704e+00
5.887869294923586239e+00
5.852530683411867329e+00
5.817474109738021149e+00
5.782083744506138601e+00
5.747014331036756296e+00
5.711576998664360083e+00
5.676484940938765433e+00
5.640947048106993655e+00
5.605779850594122315e+00
5.570104595892522603e+00
5.534803472494234100e+00
5.498870260791852260e+00
5.463288763461384256e+00
5.426929035935491363e+00
5.390835021478459055e+00
5.353695423880059145e+00
5.316635325425595582e+00
5.278135241668973521e+00
5.239323380770795957e+00
5.198347664830953008e+00
5.156301536234375149e+00
5.110892870195721471e+00
5.063011741762164952e+00
5.009616096744717417e+00
4.951118342608258338e+00
4.883285484499293005e+00
4.805544379313467118e+00
4.711687322720796267e+00
4.599317624890922218e+00
4.458860081244642615e+00
4.284470816597284681e+00
4.060859512825929940e+00
3.776665727544564088e+00
3.405445657936379433e+00
2.924626149671691433e+00
2.331252929341891988e+00
1.736790481931881347e+00
1.298703008108269996e+00
