-1.231473601974002641e+01
-1.297888512788092541e+01
-1.376142364909345162e+01
-1.435695979592045646e+01
-1.444520040832496299e+01
-1.391322576938678779e+01
-1.287218711568676000e+01
-1.155232804007251524e+01
-1.009616806259285759e+01
-8.513834129758231839e+00
-6.766106950673880682e+00
-4.891134714625513524e+00
-3.130911532798022368e+00
-1.626127378658394962e+00
-6.646302906062936389e-01
-3.337454818556549463e-01
-2.617851217196615621e-01
-4.334285565035576604e-01
-1.076938548920721050e+00
-2.087712825918826010e+00
-3.375424624608915458e+00
-4.811088613133150282e+00
-6.300646084001291669e+00
-7.751359135605655482e+00
-9.080737003389625528e+00
-1.022399171156944853e+01
-1.117141569319784189e+01
-1.187381878717748762e+01
-1.246893264844925220e+01
-1.323876887324536078e+01
-1.405770176283619044e+01
-1.459256188920029373e+01
-1.455014272678187126e+01
-1.388019294187678732e+01
-1.273028163410001845e+01
-1.133164761755058692e+01
-9.790829983250755930e+00
-8.094646160139795654e+00
-6.215310293637450911e+00
-4.245653369880606043e+00
-2.485194584776099003e+00
-1.093869869106225856e+00
-3.045398774683281129e-01
-7.907792944351837994e-02
-4.847094289045465743e-02
-3.471973948479373240e-01
-1.114281401353112821e+00
-2.218995225237024194e+00
-3.572266716411527820e+00
-5.040494297174120675e+00
-6.539554865933485672e+00
-7.972988380628344807e+00
-9.263978462945727799e+00
-1.036138717392269548e+01
-1.125394743398911146e+01
-1.190348112876902853e+01
-1.254697119135712491e+01
-1.337397676393390711e+01
-1.415383097272914092e+01
-1.454689534224171688e+01
-1.431448439635447123e+01
-1.348301041346947926e+01
-1.223482494691164923e+01
-1.079018085238489277e+01
-9.199654559912691099e+00
-7.445444536130423785e+00
-5.506406963332361570e+00
-3.560980919178210247e+00
-1.896019222566293738e+00
-6.612942889432037452e-01
-7.880173546365057402e-02
6.152560132225744910e-02
2.361911731956687840e-02
-4.375411854019921054e-01
-1.329180511441452994e+00
-2.529936027944803545e+00
-3.935641859415154986e+00
-5.424034020602716666e+00
-6.912679190771233273e+00
-8.307039143272666237e+00
-9.535653075229689080e+00
-1.056886238912104936e+01
-1.137736957941477201e+01
-1.198408391806527007e+01
-1.269323415932372434e+01
-1.354187389476125070e+01
-1.422882520334296075e+01
-1.442422687108455648e+01
-1.397540897036610907e+01
-1.297684823347024619e+01
-1.164293721556995109e+01
-1.015109646530834020e+01
-8.506771765915507544e+00
-6.689713954948626196e+00
-4.712664706027363870e+00
-2.841062933677804381e+00
-1.301861108961789526e+00
-2.723656533827692461e-01
1.065260609805767228e-01
1.890424106935741921e-01
3.353016973122947830e-02
-5.976138172991188879e-01
-1.606064060244805747e+00
-2.896273631286569117e+00
-4.340826850432912387e+00
-5.841183435170327343e+00
-7.305876730755828774e+00
-8.650309477972005112e+00
-9.809616622458202428e+00
-1.077289731388592742e+01
-1.149089711193412633e+01
-1.210095334923487265e+01
-1.288496010064854680e+01
-1.371712873665299526e+01
-1.426329901891185337e+01
-1.422996331706278106e+01
-1.356551113580832180e+01
-1.241797631623166076e+01
-1.101742792843454311e+01
-9.473012211935568416e+00
-7.769033751245797426e+00
-5.881227471189017564e+00
-3.899934006734839365e+00
-2.133271473407384544e+00
-7.467797360593848577e-01
3.874847093122590902e-02
2.609801388662879584e-01
2.887145800073674939e-01
-2.890383165471168553e-02
-8.143230139466683948e-01
-1.933278403758385444e+00
-3.296307324919529158e+00
-4.768686807181373055e+00
-6.268425101327912863e+00
-7.697303684700957049e+00
-8.980342226710247289e+00
-1.006825937125364945e+01
-1.094924174448479626e+01
-1.158992219694455450e+01
-1.224353478698846409e+01
-1.307631323483080088e+01
-1.384456485761291766e+01
-1.420763509488331877e+01
-1.394037083323732418e+01
-1.308004316787421928e+01
-1.181639132557725347e+01
-1.036357079970120054e+01
-8.764728543018490470e+00
-7.000307551187194832e+00
-5.053917186412873797e+00
-3.117997977491187456e+00
-1.473389734485400560e+00
-2.696308801099466246e-01
2.760330285815305595e-01
4.047591096043552938e-01
3.488597425149113085e-01
-1.435754591968755323e-01
-1.058046305112648966e+00
-2.276298787881811059e+00
-3.691224187716945160e+00
-5.182718670140479489e+00
-6.668964314971617569e+00
-8.055121505176673580e+00
-9.272221127753608627e+00
-1.029294106055130165e+01
-1.108544685180161338e+01
-1.168859574576037375e+01
-1.241213491994018980e+01
-1.326033742729951292e+01
-1.392548486284257514e+01
-1.408018070415109158e+01
-1.359168947781491354e+01
-1.256329612488111458e+01
-1.121615577845828504e+01
-9.714623333594252230e+00
-8.060369523337229225e+00
-6.230183407499429116e+00
-4.249828094784112054e+00
-2.395101945127422916e+00
-8.819452948905579515e-01
1.058118958883472738e-01
4.512516747373720993e-01
5.246482716929692369e-01
3.431010068979888916e-01
-3.149942871598834793e-01
-1.343400117323155341e+00
-2.647091637573049994e+00
-4.098473768132785189e+00
-5.599965944075569801e+00
-7.061234618390105133e+00
-8.396992014146999139e+00
-9.546781026139315784e+00
-1.049820277833995519e+01
-1.120384008997926450e+01
-1.182127280357814669e+01
-1.261952953769761443e+01
-1.344435922866600919e+01
-1.396155017873549475e+01
-1.388516547251708566e+01
-1.318394679199410824e+01
-1.201144325571517690e+01
-1.060027883783678604e+01
-9.044031611832703987e+00
-7.327528317485754172e+00
-5.423336538485389546e+00
-3.441856643026992568e+00
-1.689996864064249538e+00
-3.301635358808199250e-01
4.178932901364334485e-01
6.251913626517182632e-01
6.482651745634925300e-01
3.059197916009229190e-01
-4.964259723056937967e-01
-1.630423880327693364e+00
-3.000809877024016803e+00
-4.479847655595466271e+00
-5.981814309623932679e+00
-7.415077037465976240e+00
-8.700081114474903288e+00
-9.800497577431501739e+00
-1.068617567276849023e+01
-1.135856070843955479e+01
-1.210525284166177684e+01
-1.300807640926526787e+01
-1.377435971337116349e+01
-1.406922857388915915e+01
-1.370687712219221943e+01
-1.276424270813662964e+01
-1.144184523854173285e+01
-9.937963446923411936e+00
-8.268440189424662634e+00
-6.416460416759007579e+00
-4.387429654625982778e+00
-2.425849046044398438e+00
-8.170065756892896935e-01
2.925832104170089099e-01
7.590861758130093007e-01
8.555439856274595911e-01
7.805129172520656189e-01
3.376552722042767130e-01
-5.462947235163981841e-01
-1.744341508196524781e+00
-3.164715092608708868e+00
-4.674507171832799735e+00
-6.187965266316593826e+00
-7.595686383066525771e+00
-8.805413846037344783e+00
-9.744463933845146641e+00
-1.036888587526127381e+01
-1.065371961583036509e+01
-1.058852987138047297e+01
-1.017676026210367368e+01
-9.430989745854235551e+00
-8.384361270825442247e+00
-7.082919031945287713e+00
-5.604373813403713989e+00
-4.034838206875065225e+00
-2.480935033052892091e+00
-1.008891986569366850e+00
2.730728032402413019e-01
1.302527603567271264e+00
1.989147004310736433e+00
2.411969729741672896e+00
2.804175569252600919e+00
3.128444368083902916e+00
3.384017849974999770e+00
3.580169468215022910e+00
3.734895666589907570e+00
3.852103276079073879e+00
3.944686944885139823e+00
4.013913398762315232e+00
4.068909431394907905e+00
4.109388578005741088e+00
4.141960899541018648e+00
4.165442714145486391e+00
4.184751359390324055e+00
4.198261422884931093e+00
4.209778777565277075e+00
4.217482575883866325e+00
4.224413160802708234e+00
4.228741016366621253e+00
4.232994560573124510e+00
4.235389270634907888e+00
4.238062630093495819e+00
4.239343483352268294e+00
4.241096658166620514e+00
4.241756222301457768e+00
4.242955729628310912e+00
4.243263987951967131e+00
4.244145026216319394e+00
4.244271717449953130e+00
4.244948817438518596e+00
4.244974833675000170e+00
4.245537751524166126e+00
4.245525920507106754e+00
4.246005673826688920e+00
4.245974729021041227e+00
4.246411223100508892e+00
4.246386983708402951e+00
4.246782078352707934e+00
4.246763239382939759e+00
4.247140700259675938e+00
4.247141377181134381e+00
4.247492883592591362e+00
4.247504794614537005e+00
4.247848142005579142e+00
4.247881569317060624e+00
4.248204917575972850e+00
4.248249602857638862e+00
4.248568661515601086e+00
4.248633612210578114e+00
4.248934964727429708e+00
4.249009173900138769e+00
4.249307700515949193e+00
4.249399899555115212e+00
4.249681837059213763e+00
4.249781383448194561e+00
4.250061020198171668e+00
4.250175837270417034e+00
4.250438613105254504e+00
4.250557709297638098e+00
4.250817934266759579e+00
4.250949910043448909e+00
4.251192999137916928e+00
4.251326729219721656e+00
4.251566660349167748e+00
4.251710761427962559e+00
4.251933027929629461e+00
4.252076625594513715e+00
4.252295190597500607e+00
4.252447024634653516e+00
4.252647314789420818e+00
4.252796481899606462e+00
4.252992418470393332e+00
4.253147877480439654e+00
4.253324990186018617e+00
4.253475936890925624e+00
4.253648168811551500e+00
4.253803777433171618e+00
4.253956650164629316e+00
4.254106088255371176e+00
4.254253592939328144e+00
4.254406380867361115e+00
4.254534357332800276e+00
4.254679796143749471e+00
4.254802061620045706e+00
4.254949681930068728e+00
4.255052176870810499e+00
4.255191442353888576e+00
4.255288207700949066e+00
4.255428979794629640e+00
4.255506050068425417e+00
4.255637710420925757e+00
4.255709015710509746e+00
4.255841677207384599e+00
4.255893574095880538e+00
4.256016701828403193e+00
4.256063093868426073e+00
4.256187039454999876e+00
4.256214427220394114e+00
4.256328587496296834e+00
4.256350810486180691e+00
4.256465787037244652e+00
4.256469619358171919e+00
4.256574850987638214e+00
4.256574085025532916e+00
4.256680270577244407e+00
4.256661721890786509e+00
4.256758293546899274e+00
4.256735792719976708e+00
4.256833723315277318e+00
4.256794317171736175e+00
4.256882935582477323e+00
4.256840253610786107e+00
4.256930652160393791e+00
4.256871873842917431e+00
4.256953376013958845e+00
4.256892147177985919e+00
4.256976015344699604e+00
4.256899606604097386e+00
4.256974994287939573e+00
4.256896889108055859e+00
4.256975282057198662e+00
4.256882977455578754e+00
4.256953399188843079e+00
4.256860217345717956e+00
4.256934337346574004e+00
4.256827882596782686e+00
4.256894523533032881e+00
4.256787931220856969e+00
4.256858929019051274e+00
4.256740043856853006e+00
4.256804173224074894e+00
4.256685949560694127e+00
4.256755017138310393e+00
4.256625310140115914e+00
4.256687999841943792e+00
4.256559731686921921e+00
4.256628085093426606e+00
4.256489225172198410e+00
4.256551647696019458e+00
4.256414857485323999e+00
4.256483527948124568e+00
4.256336927076365129e+00
4.256400148349281487e+00
4.256256235871133775e+00
4.256326261194999461e+00
4.256173283145509245e+00
4.256238238994097145e+00
4.256088500344768377e+00
4.256160796368633648e+00
4.256002656369652470e+00
4.256070198446458619e+00
4.255915812545508992e+00
4.255991207572476398e+00
4.255829041093703857e+00
4.255899946150393909e+00
4.255741889307129711e+00
4.255821040108124897e+00
4.255655781232661639e+00
4.255730757387175878e+00
4.255569997547014260e+00
4.255653507409443925e+00
4.255485951168842540e+00
4.255565441738958121e+00
4.255402729028749498e+00
4.255491161833171887e+00
4.255322102798911210e+00
4.255406580670070049e+00
4.255242535002292215e+00
4.255336188967962840e+00
4.255166193340301106e+00
4.255256015645880296e+00
4.255091185203842663e+00
4.255190380913078663e+00
4.255019903928795699e+00
4.255115294909721513e+00
4.254950116443588115e+00
4.255055060979954007e+00
4.254884473861573646e+00
4.254985587585786710e+00
4.254820406446596870e+00
4.254931231999790953e+00
4.254760837736504264e+00
4.254867728629514012e+00
4.254702728911017751e+00
4.254819454128981882e+00
4.254649495191342723e+00
4.254762253231945124e+00
4.254597610455069123e+00
4.254720153948031935e+00
4.254550625062431202e+00
4.254669130347846995e+00
4.254504987439930552e+00
4.254633376924999766e+00
4.254464411136898327e+00
4.254588499459721618e+00
4.254424767194653789e+00
4.254558774338240923e+00
4.254390363321273405e+00
4.254519932204930299e+00
4.254356614051435059e+00
4.254496052882615231e+00
4.254328083445114927e+00
4.254462891372754463e+00
4.254299905194281806e+00
4.254444568780925806e+00
4.254276932847059989e+00
4.254416724227892743e+00
4.254253920205277595e+00
4.254403516868055846e+00
4.254236031672522955e+00
4.254380481832106931e+00
4.254217634411573634e+00
4.254371892716897641e+00
4.254204458771782882e+00
4.254353336293218213e+00
4.254190241796434790e+00
4.254348758926180807e+00
4.254181042225254394e+00
4.254333996975000254e+00
4.254170473317893553e+00
4.254332974806296797e+00
4.254164731302731539e+00
4.254321346748703547e+00
4.254157076983356767e+00
4.254323173869953401e+00
4.254154125657383823e+00
4.254314030189606299e+00
4.254148713747823329e+00
4.254318059136481978e+00
4.254147961446665960e+00
4.233046384432754827e+00
4.172105563906389314e+00
4.080947732130647765e+00
3.972557583875925946e+00
3.864504347389838390e+00
3.773006078333981161e+00
3.712406491228726679e+00
3.690968808949120383e+00
3.691136339730416882e+00
3.690966100239583270e+00
3.691142801731736256e+00
3.690967585051203592e+00
3.691136858854120018e+00
3.690964273952199282e+00
3.691142581300972392e+00
3.690965005687013800e+00
3.691135697158703710e+00
3.690960527045069384e+00
3.691140115380185271e+00
3.690959840325370500e+00
3.691131484176064514e+00
3.690953363423425948e+00
3.691133842477592797e+00
3.690950549608634113e+00
3.691122769268564863e+00
3.690941363913379458e+00
3.691122388465069459e+00
3.690935807365069099e+00
3.691108302278495401e+00
3.690923348381411895e+00
3.691104522415995515e+00
3.690914306052523131e+00
3.691086676430324065e+00
3.690897840506296212e+00
3.691078824317199025e+00
3.690884690382522759e+00
3.691056632514907232e+00
3.690863706644559983e+00
3.691044277506296378e+00
3.690846004194375141e+00
3.691017157275926053e+00
3.690819777940023361e+00
3.690999573683309887e+00
3.690796957120948907e+00
3.690967162966920956e+00
3.690765175526574460e+00
3.690943918538101443e+00
3.690736668141736398e+00
3.690905621006481230e+00
3.690698847409120020e+00
3.690876375358934869e+00
3.690664348446202947e+00
3.690831843791666511e+00
3.690620100565879635e+00
3.690796234718379143e+00
3.690579301058310335e+00
3.690745205475925772e+00
3.690528404629537018e+00
3.690703023372222447e+00
3.690481139473032357e+00
3.690645361386504675e+00
3.690423411898795969e+00
3.690596400127430510e+00
3.690369498942870141e+00
3.690532042184514250e+00
3.690305042735786856e+00
3.690476479728495462e+00
3.690244592394259282e+00
3.690405370028958298e+00
3.690173287963055326e+00
3.690343225900671431e+00
3.690106553839699099e+00
3.690265771491851421e+00
3.690028785062245298e+00
3.690197303717986266e+00
3.689955957356527705e+00
3.690113784704791566e+00
3.689872151896528063e+00
3.690039538182384060e+00
3.689793778418541503e+00
3.689950449400995591e+00
3.689704477743610767e+00
3.689871069554884642e+00
3.689621303228402649e+00
3.689777232662453610e+00
3.689527314359189791e+00
3.689693520960555251e+00
3.689440239265207921e+00
3.689595905918032326e+00
3.689342578036250320e+00
3.689508945986759159e+00
3.689252732503078391e+00
3.689408783991412033e+00
3.689152728520208147e+00
3.689319920643263639e+00
3.689061419157801058e+00
3.689218487272639013e+00
3.688960433112430604e+00
3.689129285400532421e+00
3.688869381342523290e+00
3.689028325192731828e+00
3.688769108829236032e+00
3.688940446112523475e+00
3.688680086174768391e+00
3.688841913003495510e+00
3.688582590459954069e+00
3.688757471473796290e+00
3.688497673616365713e+00
3.688663437420717450e+00
3.688405143599235991e+00
3.688584729385139038e+00
3.688326695016550971e+00
3.688497598489583140e+00
3.688241527356342253e+00
3.688427082751550845e+00
3.688172151393912301e+00
3.688349523299860877e+00
3.688097032997569524e+00
3.688289916889027964e+00
3.688039479927569531e+00
3.688224779575648427e+00
3.687977339706249857e+00
3.688179021859537166e+00
3.687934471046458551e+00
3.688129075208101959e+00
3.687888156915439808e+00
3.688100211967476838e+00
3.687863185526018661e+00
3.688068685840833805e+00
3.687835778483495197e+00
3.688059640250440196e+00
3.687831640928935339e+00
3.688049585183795998e+00
3.687826308970717726e+00
3.688063594617569496e+00
3.687846155002569404e+00
3.688078053592639183e+00
3.687865874660393395e+00
3.688118030451712492e+00
3.687912626154235873e+00
3.688159952472778169e+00
3.687960319541898180e+00
3.688228779915740496e+00
3.688036760134490777e+00
3.688300762699050495e+00
3.688114920524143692e+00
3.688400949486782210e+00
3.688223593450578708e+00
3.688505480451620411e+00
3.688334484788472700e+00
3.688639022595324057e+00
3.688477123557939663e+00
3.688777690695277833e+00
3.688622395606480975e+00
3.688946274724282492e+00
3.688800598210856041e+00
3.689120414826180472e+00
3.688981210171643266e+00
3.689324732930092665e+00
3.689195557844629381e+00
3.689534834921759376e+00
3.689411859798865656e+00
3.689775019909467435e+00
3.689662186279907274e+00
3.690020659598981734e+00
3.689913535662823652e+00
3.690295860947569118e+00
3.690198825511643577e+00
3.690575788629351983e+00
3.690483692632824386e+00
3.690884241133124632e+00
3.690801877018564436e+00
3.691196042205532546e+00
3.691117624263032582e+00
3.691535001744977063e+00
3.691465881859606224e+00
3.691875576865139230e+00
3.691808956734305536e+00
3.692241044609421152e+00
3.692182888010370423e+00
3.692605830534120503e+00
3.692548728365972366e+00
3.692993167867036686e+00
3.692943531918333022e+00
3.693377016697106718e+00
3.693326561141064612e+00
3.693780341845439796e+00
3.693736140343680585e+00
3.694176954827592674e+00
3.694129920353749874e+00
3.694589680560139033e+00
3.694547422955833493e+00
3.694991791510324308e+00
3.694944230085092318e+00
3.695405839491643363e+00
3.695361352327222182e+00
3.695804788002453822e+00
3.695751917375531992e+00
3.696210090085763955e+00
3.696157519186736184e+00
3.696593845004999768e+00
3.696529016881666685e+00
3.696976331659652892e+00
3.696907157145278067e+00
3.697325450007014069e+00
3.697235638676087621e+00
3.697656645569675771e+00
3.697552725501203952e+00
3.697931798829374728e+00
3.697791530756435296e+00
3.698155094365347395e+00
3.697978161812082831e+00
3.698270862788356261e+00
3.698022331458310052e+00
3.698257567281898250e+00
3.697920141090416557e+00
3.698018145884027330e+00
3.697526985414814948e+00
3.697467783733032753e+00
3.696764470998448626e+00
3.696414420538264078e+00
3.695367333329884207e+00
3.694626920815116122e+00
3.693079058864815245e+00
3.691690423212059979e+00
3.689358508668402870e+00
3.687039960819606055e+00
3.683541128280810373e+00
3.679752027370439826e+00
3.674455208416480989e+00
3.668492698918402795e+00
3.660499477687129577e+00
3.651188339995902865e+00
3.639089653716180539e+00
3.624779886124374517e+00
3.606515414553055798e+00
3.584608549750902373e+00
3.557032947735926154e+00
3.523780761737523193e+00
3.482288794949375266e+00
3.432023193314375220e+00
3.369775344232314840e+00
3.294344133590578760e+00
3.201455631585185646e+00
3.088913521406643437e+00
2.951042590740278193e+00
2.784397028106944116e+00
2.581058747424027633e+00
2.335867729865976905e+00
2.037451830390535790e+00
1.678799310153190394e+00
1.243908869235005321e+00
7.802399191548362589e-01
2.274674893396047282e-01
-6.531932390468181415e-01
-1.806924002999512169e+00
-3.170085363390104494e+00
-4.643526260961193586e+00
-6.149269096775409338e+00
-7.611074096038878523e+00
-8.949622517589995496e+00
-1.010455326857046643e+01
-1.105845159647166120e+01
-1.177855577326166880e+01
