2.167457316900514019e-01
2.699706402719914133e-01
4.095112608591755521e-01
6.211041248771277390e-01
8.848070549407454077e-01
1.177795367390062076e+00
1.475662429944671228e+00
1.751365615755703598e+00
1.974434341207902621e+00
2.119289841836077493e+00
2.179552650740134823e+00
2.147510659458632176e+00
2.019938852069879776e+00
1.795586593323490687e+00
1.481420604043299338e+00
1.072453765139819826e+00
5.708244671027452588e-01
-9.577875523851250850e-02
-9.924610524104422460e-01
-2.126483653664467344e+00
-3.451939755964876344e+00
-4.882165601560493506e+00
-6.314964204210693488e+00
-7.657331110462962442e+00
-8.839322599744210862e+00
-9.832310596109110179e+00
-1.059970706732612200e+01
-1.121373787101329889e+01
-1.184632677137518364e+01
-1.261564240155634309e+01
-1.357921171589771347e+01
-1.470057507798571805e+01
-1.588275665268803927e+01
-1.697928050071216433e+01
-1.784291580496510221e+01
-1.834482138051058442e+01
-1.841482657778318099e+01
-1.804487490820114814e+01
-1.730307388552197878e+01
-1.630606964580990237e+01
-1.520592679928347479e+01
-1.414409720225979150e+01
-1.323115846831817954e+01
-1.250286521255654471e+01
-1.192479174219172400e+01
-1.138062023458756755e+01
-1.074520866496095906e+01
-9.903647642872268619e+00
-8.859382710537316186e+00
-7.658903303554216002e+00
-6.369283113548672937e+00
-5.088616336094647252e+00
-3.931436449154936508e+00
-2.996191152671209501e+00
-2.354970689359650038e+00
-2.009175091713670813e+00
-1.917786141262494581e+00
-1.934503970601991307e+00
-2.047368409798659084e+00
-2.406833402402114075e+00
-3.060157368812947087e+00
-4.011206463931472399e+00
-5.192468425246494768e+00
-6.507854719040151004e+00
-7.843171864298649432e+00
-9.098980637502101843e+00
-1.020608277108680717e+01
-1.111056830830388442e+01
-1.179574487517021808e+01
-1.240723720743629066e+01
-1.308572221498816823e+01
-1.392786788870554027e+01
-1.494707506364122374e+01
-1.608833207546058830e+01
-1.723289041058156812e+01
-1.823879816321197112e+01
-1.896176919582069686e+01
-1.929651787173581212e+01
-1.918886444928352120e+01
-1.865869407458400886e+01
-1.778474631177060061e+01
-1.669789150816655621e+01
-1.554225120073502708e+01
-1.445582655469883981e+01
-1.352550529553203873e+01
-1.277841983927347336e+01
-1.215406758328876435e+01
-1.153634868056084706e+01
-1.076155090555768545e+01
-9.758349386051932584e+00
-8.583381646858708081e+00
-7.288429155044100938e+00
-5.961867687064161814e+00
-4.711647689126387206e+00
-3.646772973767148152e+00
-2.852541501941714408e+00
-2.362299877837482409e+00
-2.152559809511844779e+00
-2.124095393272128263e+00
-2.159276453387565020e+00
-2.381268681520237518e+00
-2.884883533846835935e+00
-3.692636304596347507e+00
-4.768263542604556093e+00
-6.025815074918551950e+00
-7.355244157153536300e+00
-8.649484504466240509e+00
-9.820483218279582260e+00
-1.081880728930961943e+01
-1.158914207976414268e+01
-1.220131835612765236e+01
-1.282023095499098631e+01
-1.356340214436097291e+01
-1.449207905798269103e+01
-1.557930468029649340e+01
-1.673728774372064976e+01
-1.782712920998170958e+01
-1.870355712052228370e+01
-1.923518657852219604e+01
-1.934291456247553498e+01
-1.900742402466334369e+01
-1.828360061715898865e+01
-1.727813650568037218e+01
-1.613634284037551581e+01
-1.500143263987369302e+01
-1.399236825630904590e+01
-1.316410754816859097e+01
-1.250141186615063127e+01
-1.190618903852684163e+01
-1.123524188096302190e+01
-1.034474523036541527e+01
-9.253887018511266049e+00
-8.013537784934882779e+00
-6.692620335906234175e+00
-5.389902670027673537e+00
-4.219856327168323595e+00
-3.278902741408041166e+00
-2.635857533955348941e+00
-2.287908101097835711e+00
-2.189722222910008842e+00
-2.191977221215708482e+00
-2.299115682362671720e+00
-2.658912062493803408e+00
-3.314563066359550447e+00
-4.266939836501987493e+00
-5.445745215858443622e+00
-6.753693373065488004e+00
-8.076501782592442780e+00
-9.315828226731271755e+00
-1.040417310344388113e+01
-1.129039478875339775e+01
-1.195879167026712508e+01
-1.255570303220699380e+01
-1.322311598274623279e+01
-1.405775052485786247e+01
-1.507252367405879667e+01
-1.621077634732989736e+01
-1.735207934199091184e+01
-1.835291580138508394e+01
-1.906830785429540853e+01
-1.939293672783101741e+01
-1.927363609933925659e+01
-1.873185376413858094e+01
-1.784832899045844101e+01
-1.675569518134285474e+01
-1.559939863142137462e+01
-1.451781991547533757e+01
-1.359706226904773985e+01
-1.286207840594021334e+01
-1.224907410709448996e+01
-1.163908265853062929e+01
-1.086665465373464734e+01
-9.867303264162536891e+00
-8.696743078053952303e+00
-7.404577864754910088e+00
-6.079684446884270344e+00
-4.829497930849575127e+00
-3.763616511344954674e+00
-2.967490938220996632e+00
-2.475454127096167856e+00
-2.264483654899179577e+00
-2.235624690567055151e+00
-2.270727387732303981e+00
-2.493566431941318662e+00
-2.998728057453093676e+00
-3.808243234076377881e+00
-4.885035100577816536e+00
-6.142928584050929786e+00
-7.471582496222511693e+00
-8.764196681005815392e+00
-9.932880622266958781e+00
-1.092864403102271353e+01
-1.169637424050810992e+01
-1.230703098470093870e+01
-1.292538993522960489e+01
-1.366893362236133669e+01
-1.459826467241127546e+01
-1.568608457327855454e+01
-1.684392852711014399e+01
-1.793276428164636371e+01
-1.880705593782603913e+01
-1.933576384201945331e+01
-1.943997671136123628e+01
-1.910108360020916507e+01
-1.837432484038506431e+01
-1.736703266237440246e+01
-1.622458270477141795e+01
-1.509040869884913860e+01
-1.408299350812884931e+01
-1.325700173999644527e+01
-1.259622152769881254e+01
-1.200216519165906348e+01
-1.133084128842233085e+01
-1.043948045710783212e+01
-9.348304602585743694e+00
-8.107814372568986627e+00
-6.787107482576852036e+00
-5.485098807157617884e+00
-4.316210815112792254e+00
-3.376865344684152337e+00
-2.735567055483377974e+00
-2.389398280952960807e+00
-2.292491911167748420e+00
-2.295211734723023866e+00
-2.404156834332164649e+00
-2.766870354684003885e+00
-3.425780198886273276e+00
-4.381116128587611236e+00
-5.561953076052490452e+00
-6.870790852716233132e+00
-8.193346115723610268e+00
-9.431524271172134988e+00
-1.051831876595565873e+01
-1.140201280093877934e+01
-1.206905523860694629e+01
-1.266749612482973575e+01
-1.333804480168710427e+01
-1.417659631294892719e+01
-1.519436414342139052e+01
-1.633397811809800260e+01
-1.747412942581762607e+01
-1.847154430087401877e+01
-1.918141047037103775e+01
-1.949950842804913265e+01
-1.937344868893450922e+01
-1.882597943873262736e+01
-1.793835088032623659e+01
-1.684384318353487586e+01
-1.568753386219751000e+01
-1.460751143655645201e+01
-1.368865259553413516e+01
-1.295511936906761541e+01
-1.234181700437319940e+01
-1.172954223136322760e+01
-1.095266374857130387e+01
-9.949318595015531841e+00
-8.775490089960447548e+00
-7.481546923711440478e+00
-6.156657781159865728e+00
-4.908803860582493961e+00
-3.846966206820149115e+00
-3.056377070345124736e+00
-2.569670464447878278e+00
-2.363481569128995208e+00
-2.336143579028336248e+00
-2.373107501821461351e+00
-2.601045051534204067e+00
-3.112170170060721830e+00
-3.927685493919056192e+00
-5.009012558404116966e+00
-6.269354539533651405e+00
-7.598096888124675097e+00
-8.888672202809475564e+00
-1.005396208508344991e+01
-1.104528814786462831e+01
-1.180827380271623106e+01
-1.241699241460205627e+01
-1.303609913638696227e+01
-1.378226099266822402e+01
-1.471464098130056897e+01
-1.580455033036092516e+01
-1.696238224593042432e+01
-1.804849043674908415e+01
-1.891735886151543866e+01
-1.943852061691397637e+01
-1.953414872507650557e+01
-1.918693161080521392e+01
-1.845340813550178183e+01
-1.744183676103304492e+01
-1.629804290439587078e+01
-1.516527141931150346e+01
-1.416116596775594871e+01
-1.333909526879561724e+01
-1.268114773826148145e+01
-1.208757663416425743e+01
-1.141335021723544685e+01
-1.051765801282945567e+01
-9.423448016989070197e+00
-8.180390206368439721e+00
-6.858673369183510005e+00
-5.557202871050108683e+00
-4.390753778307673549e+00
-3.455062409118028199e+00
-2.818058323691112310e+00
-2.475573426471035621e+00
-2.380845179678419132e+00
-2.383496843142645538e+00
-2.494605853838821385e+00
-2.860544816999313511e+00
-3.523159571550854352e+00
-4.481626593910052136e+00
-5.664750222890380549e+00
-6.974408275641743593e+00
-8.296741133161557258e+00
-9.533526739944102601e+00
-1.061870679347855351e+01
-1.149965825457412372e+01
-1.216545120003328684e+01
-1.276529088353737507e+01
-1.343912257373970220e+01
-1.428153508965775487e+01
-1.530251174470511444e+01
-1.644340782983347182e+01
-1.758244604297961189e+01
-1.857597267537204999e+01
-1.927976407827226879e+01
-1.959008519000134996e+01
-1.945582579763831532e+01
-1.890047392098260204e+01
-1.800640041775688616e+01
-1.690701613956075278e+01
-1.574771616158644960e+01
-1.466576388230168426e+01
-1.374550863136885859e+01
-1.300969014997808948e+01
-1.239257278421837860e+01
-1.177397702383691680e+01
-1.098879787189565960e+01
-9.977159525888225744e+00
-8.795991794867330071e+00
-7.495513828219709573e+00
-6.165999689100795322e+00
-4.914978430332054060e+00
-3.851789449628132189e+00
-3.060301140289129140e+00
-2.572734750304652707e+00
-2.363821312217027071e+00
-2.333178900702917780e+00
-2.365382856052256955e+00
-2.586346203814328781e+00
-3.088268520500105918e+00
-3.894763794323349515e+00
-4.968090590951419472e+00
-6.223319910669482979e+00
-7.548908126829593002e+00
-8.839189723110612462e+00
-1.000378086869098659e+01
-1.099835190701357313e+01
-1.177317166878085786e+01
-1.236879791235111625e+01
-1.295209381187177300e+01
-1.365268925625579044e+01
-1.454415713945945221e+01
-1.561024890669409260e+01
-1.676676141023535038e+01
-1.787483114989283450e+01
-1.878330164425976534e+01
-1.935367182217497728e+01
-1.949664559574155831e+01
-1.918513525460119240e+01
-1.846687799438653244e+01
-1.744724966869630833e+01
-1.627219544444405486e+01
-1.509156280974739417e+01
-1.403122329272705038e+01
-1.315600300030989978e+01
-1.245549261464389623e+01
-1.183628472614122629e+01
-1.115270075579162778e+01
-1.025887765581726541e+01
-9.165415304193851753e+00
-7.917616529513937351e+00
-6.575170207951316570e+00
-5.236042682211702548e+00
-4.011108697374523580e+00
-3.006534741424401247e+00
-2.295310991042101456e+00
-1.897471394264526712e+00
-1.749244291911948412e+00
-1.721633299015388419e+00
-1.857656318877453305e+00
-2.277971336672141245e+00
-2.998505032935451453e+00
-3.972474112385977918e+00
-5.102291129423499605e+00
-6.270721237972295192e+00
-7.359976219300178535e+00
-8.275673050442295064e+00
-8.957227986718603319e+00
-9.387046904336278530e+00
-9.585725820110084783e+00
-9.603045063390082348e+00
-9.499735923940537674e+00
-9.331524131286588641e+00
-9.132066633446607185e+00
-8.903397264407901801e+00
-8.614956010832591105e+00
-8.215161737395593633e+00
-7.645784299171133114e+00
-6.859831244997056210e+00
-5.836865810418783163e+00
-4.593994612501686170e+00
-3.187298381888125309e+00
-1.705382199488990391e+00
-2.553765098944769663e-01
1.057279638046270787e+00
2.152274291733822675e+00
3.000416438570049582e+00
3.635078809658718324e+00
4.146269150132331660e+00
4.626546253878059289e+00
5.047872219277180328e+00
5.402547011719317283e+00
5.703038674818590614e+00
5.955827749679418304e+00
6.168954291508258692e+00
6.347799114160026512e+00
6.498132421066592279e+00
6.624013735836355998e+00
6.729614784536086525e+00
6.817879825621875334e+00
6.891813471891238940e+00
6.953502277446401258e+00
7.005110114437844260e+00
7.048095282138709727e+00
7.084023340570051452e+00
7.113900294954018655e+00
7.138863968758919043e+00
7.159593903404705806e+00
7.176919156077650186e+00
7.191283119761775033e+00
7.203293094758249637e+00
7.213225210854073310e+00
7.221530927253563270e+00
7.228371685603450558e+00
7.234091665201004773e+00
7.238775101272936219e+00
7.242692305331352998e+00
7.245874664594670556e+00
7.248539913236392351e+00
7.250682059752863395e+00
7.252480454354827799e+00
7.253902556148334568e+00
7.255099902261568978e+00
7.256021894505124692e+00
7.256800599143136132e+00
7.257373780656659612e+00
7.257860326901245607e+00
7.258190819631249013e+00
7.258474760575567508e+00
7.258638005214927524e+00
7.258782967404259878e+00
7.258832223294651165e+00
7.258882599785239975e+00
7.258854439200531417e+00
7.258840313402166622e+00
7.258759350269382793e+00
7.258701064200558051e+00
7.258584191813254094e+00
7.258496007308956166e+00
7.258355298384820742e+00
7.258247582694222544e+00
7.258091889941248098e+00
7.257972184193303811e+00
7.257807754533435407e+00
7.257681200515420095e+00
7.257512187152232563e+00
7.257382150827110578e+00
7.257211243825976155e+00
7.257079921825046576e+00
7.256908902897637681e+00
7.256777841041341937e+00
7.256608081526795040e+00
7.256478533714080470e+00
7.256311160290002782e+00
7.256184117916340881e+00
7.256019807628097951e+00
7.255895734371689443e+00
7.255734899185602771e+00
7.255614133386738551e+00
7.255456978045600636e+00
7.255339663094327207e+00
7.255186284725790635e+00
7.255072543431232646e+00
7.254923078627149025e+00
7.254813028181305690e+00
7.254667542749589693e+00
7.254561233901905659e+00
7.254419764190997100e+00
7.254317223226441236e+00
7.254179750457431908e+00
7.254080932586654207e+00
7.253947384557030809e+00
7.253852214601375969e+00
7.253722511069670809e+00
7.253630906337211748e+00
7.253504969620099274e+00
7.253416886315848799e+00
7.253294660208891464e+00
7.253210022980711713e+00
7.253091408503691717e+00
7.253010117763922793e+00
7.252895029381939196e+00
7.252817017938141042e+00
7.252705367497740419e+00
7.252630514027949005e+00
7.252522160734775625e+00
7.252450363843601089e+00
7.252345239693871015e+00
7.252276437107012086e+00
7.252174448085277447e+00
7.252108518200484077e+00
7.252009540427678758e+00
7.251946373930506340e+00
7.251850310117458065e+00
7.251789828784766634e+00
7.251696571039797590e+00
7.251638646842893721e+00
7.251548082625101088e+00
7.251492635151077337e+00
7.251404689294818517e+00
7.251351632757524257e+00
7.251266211619438629e+00
7.251215437326255397e+00
7.251132425158361983e+00
7.251083859836393586e+00
7.251003178836226581e+00
7.250956719641452608e+00
7.250878261980682637e+00
7.250833807179493107e+00
7.250757485313169326e+00
7.250714966976199882e+00
7.250640712878488436e+00
7.250600055680691547e+00
7.250527768593713063e+00
7.250488877697814694e+00
7.250418471916935559e+00
7.250381262441488950e+00
7.250312671200046744e+00
7.250277079844419603e+00
7.250210218527808337e+00
7.250176171612425335e+00
7.250110969373492864e+00
7.250078395726275104e+00
7.250014786271782086e+00
7.249983623483696071e+00
7.249921530805646164e+00
7.249891693649098023e+00
7.249831033894196253e+00
7.249802456080245427e+00
7.249743171378032258e+00
7.249715799163719332e+00
7.249657826301061370e+00
7.249631596546818990e+00
7.249574873701767785e+00
7.249549743046716621e+00
7.249494253664043875e+00
7.249470193823604802e+00
7.249415860318508820e+00
7.249392774922479354e+00
7.249339523357654080e+00
7.249317377482869418e+00
7.249265174999247385e+00
7.249243920203841007e+00
7.249192701969772834e+00
7.249172269273205238e+00
7.249122005215076214e+00
7.249102399837992650e+00
7.249053062549581483e+00
7.249034228190308404e+00
7.248985754117419411e+00
7.248967642218675955e+00
7.248920007208845107e+00
7.248902593432235975e+00
7.248855754317178324e+00
7.248838982358724259e+00
7.248792884018378402e+00
7.248776721567251613e+00
7.248731331521102383e+00
7.248715753772748904e+00
7.248671058937816269e+00
7.248656043172609031e+00
7.248612015431929123e+00
7.248597537370293331e+00
7.248554141448326327e+00
7.248540173759300487e+00
7.248497395970145973e+00
7.248483918400864923e+00
7.248441712912947033e+00
7.248428675430023560e+00
7.248387013833678338e+00
7.248374414149655998e+00
7.248333292564582919e+00
7.248321103912295449e+00
7.248280479772061469e+00
7.248268672549264657e+00
7.248228539874888021e+00
7.248217132629734216e+00
7.248177496269159192e+00
7.248166451769615826e+00
7.248127247976767329e+00
7.248116525990094594e+00
7.248077756235583813e+00
7.248067370515903995e+00
7.248029027576935235e+00
7.248018955667010488e+00
7.247981001964761028e+00
7.247971217234394636e+00
7.247933659718786892e+00
7.247924167477650670e+00
7.247886986842438262e+00
7.247877764682031376e+00
7.247840942536654119e+00
7.247831988464890074e+00
7.247795530033760869e+00
7.247786845853236848e+00
7.247750738069336229e+00
7.247742294761941650e+00
7.247706509490252635e+00
7.247698288388598087e+00
7.247662816534970354e+00
7.247654825616693941e+00
7.247619666440959563e+00
7.247611886528114944e+00
7.247577030487379446e+00
7.247569468460499209e+00
7.247534923903143245e+00
7.247527593580088023e+00
7.247493360955235886e+00
7.247486237161522737e+00
7.247452280549812720e+00
7.247445339343563830e+00
7.247411652561401851e+00
7.247404895455263230e+00
7.247371476476654806e+00
7.247364902188986768e+00
7.247331749658258104e+00
7.247325367443145261e+00
7.247292500497229284e+00
7.247286329407096162e+00
7.247253740753383688e+00
7.247247743027277700e+00
7.247215394589043846e+00
7.247209560091843805e+00
7.247177466007691748e+00
7.247171805747758100e+00
7.247139956658388726e+00
7.247134457411068098e+00
7.247102844575037395e+00
7.247097523514871575e+00
7.247066171405021962e+00
7.247061025448483740e+00
7.247029918309477736e+00
7.247024934894392700e+00
7.246994065273911545e+00
7.246989248881836154e+00
7.246958619147265246e+00
7.246953969142512442e+00
7.246923580782477003e+00
7.246919095286598278e+00
7.246888937956583732e+00
7.246884610472423383e+00
7.246854691632132806e+00
7.246850540671354146e+00
7.246820862182002720e+00
7.246816870590505388e+00
7.246787415154482659e+00
7.246783578183128682e+00
7.246754362436345964e+00
7.246750706731110547e+00
7.246721733042010172e+00
7.246718234473474851e+00
7.246689479433714887e+00
7.246686142066201874e+00
7.246657626205216474e+00
7.246654461173167583e+00
7.246626179139146195e+00
7.246623180299376799e+00
7.246595131052761651e+00
7.246592301568229644e+00
7.246564495040085596e+00
7.246561841877753984e+00
7.246534269039917042e+00
7.246531779928274020e+00
7.246504430498995397e+00
7.246502105034421604e+00
7.246474988869643141e+00
7.246472834639694938e+00
7.246445959458221786e+00
7.246443978888950532e+00
7.246417331296716391e+00
7.246415522596977965e+00
7.246389106194206953e+00
7.246387476594773780e+00
7.246361304923799374e+00
7.246359850622805077e+00
7.246333915961625571e+00
7.246332640332858510e+00
7.246306945918628450e+00
7.246305856867671480e+00
7.246280402413614929e+00
7.246279484207962085e+00
7.246254252688113517e+00
7.246253502133295221e+00
7.246228515729101538e+00
7.246227959415652897e+00
7.246203216483249498e+00
7.246202843407347771e+00
7.246178335729566378e+00
7.246178149091285547e+00
7.246153900146130589e+00
7.246153922236375777e+00
7.246129920689909021e+00
7.246130118278273358e+00
7.246106340228077869e+00
7.246106715382346408e+00
7.246083178614704856e+00
7.246083743743898076e+00
7.246060450146829091e+00
7.246061213783018040e+00
7.246038176460082525e+00
7.246039151053645710e+00
7.246016380616024044e+00
7.246017558573604411e+00
7.245995033486345882e+00
7.245996398958324036e+00
7.245974109600036961e+00
7.245975662652845983e+00
7.245953609775307669e+00
7.245955358539303504e+00
7.245933564384206882e+00
7.245935517970330864e+00
7.245913981591955100e+00
7.245916141939806820e+00
7.245894857893703467e+00
7.245897233132124526e+00
7.245876208409002928e+00
7.245878784269540240e+00
7.245858004690113319e+00
7.245860773140996969e+00
7.245840243921892743e+00
7.245843224744755062e+00
7.245822959081584358e+00
7.245826160470424604e+00
7.245806150258315093e+00
7.245809559467902616e+00
7.245789808076096961e+00
7.245793422324349642e+00
7.245773922052659799e+00
7.245777741490531554e+00
7.245758491106631283e+00
7.245762522425436281e+00
7.245743539064435801e+00
7.245747798789183847e+00
7.245729086411857089e+00
7.245733561692325964e+00
7.245715102354862935e+00
7.245719791310676783e+00
7.245701590828394600e+00
7.245706490088550389e+00
7.245688544697842737e+00
7.245693659451506008e+00
7.245675969488644341e+00
7.245681308506688012e+00
7.245663887205932241e+00
7.245669449112248195e+00
7.245652293227633045e+00
7.245658073460062631e+00
7.245641176363420755e+00
7.245647173444075051e+00
7.245630526955562090e+00
7.245636744021549447e+00
7.245620354306789856e+00
7.245626786838680999e+00
7.245610664307692517e+00
7.245617318749302704e+00
7.245601460428608753e+00
7.245608341678376974e+00
7.245592738372637953e+00
7.245599836714601949e+00
7.245584488019074954e+00
7.245591803506949091e+00
7.245576713508639521e+00
7.245584251344875604e+00
7.245569425218339354e+00
7.245577188710035088e+00
7.245562622353152626e+00
7.245570613488160561e+00
7.245556303267689735e+00
7.245564512272832935e+00
7.245550460557467431e+00
7.245558888301703249e+00
7.245545084814899894e+00
7.245553724886449665e+00
7.245540173483510316e+00
7.245549034434951352e+00
7.245535742206529406e+00
7.245544820928254914e+00
7.245531775479120640e+00
7.245541069274777257e+00
7.245528276329547879e+00
7.245537793394269954e+00
7.245525259758473169e+00
7.245534987934831861e+00
7.245522693773354561e+00
7.245532633363969133e+00
7.245520582570497581e+00
7.245530732674730245e+00
7.245518913215122758e+00
7.245529254742150371e+00
7.245517667392689098e+00
7.245528217050129172e+00
7.117841169020434400e+00
6.753380288056743730e+00
6.206382950864565373e+00
5.559208752700659950e+00
4.912012712402855641e+00
4.365037643193851125e+00
4.000555353393442815e+00
3.872891003260044762e+00
3.872880581357152519e+00
3.872892125996744817e+00
3.872881907829138548e+00
3.872893631563969485e+00
3.872883633665475944e+00
3.872895556691694274e+00
3.872885792953515871e+00
3.872897910580700653e+00
3.872888357558593952e+00
3.872900652251924924e+00
3.872891297929017984e+00
3.872903763224934792e+00
3.872894602112388451e+00
3.872907225633556383e+00
3.872898241746056236e+00
3.872911019175064862e+00
3.872902227031537858e+00
3.872915180795600598e+00
3.872906580879873495e+00
3.872919681612471798e+00
3.872911247368155063e+00
3.872924485675186101e+00
3.872916213541861552e+00
3.872929594688085952e+00
3.872921480650883819e+00
3.872934977515876120e+00
3.872927003500242105e+00
3.872940620709039994e+00
3.872932793196121715e+00
3.872946529571140051e+00
3.872938831809161098e+00
3.872952665368099456e+00
3.872945080831715181e+00
3.872958998247944429e+00
3.872951522512304567e+00
3.872965518356361603e+00
3.872958139724107074e+00
3.872972209589109038e+00
3.872964913712174440e+00
3.872979042314266707e+00
3.872971824221149273e+00
3.872985996470554415e+00
3.872978836971000760e+00
3.872993030310602602e+00
3.872985894847051913e+00
3.873000084702241885e+00
3.872992969777734107e+00
3.873007168227287966e+00
3.873000077669717545e+00
3.873014264027539344e+00
3.873007170298818469e+00
3.873021322824246937e+00
3.873014207360397698e+00
3.873028307707738094e+00
3.873021143576525382e+00
3.873035154064462304e+00
3.873027902277437207e+00
3.873041804807459521e+00
3.873034468019159071e+00
3.873048268869809796e+00
3.873040827965848365e+00
3.873054484626636818e+00
3.873046903195452195e+00
3.873060385500353586e+00
3.873052635822135326e+00
3.873065926212360122e+00
3.873057976026962557e+00
3.873071023570739957e+00
3.873062831027585418e+00
3.873075609203524117e+00
3.873067153529119899e+00
3.873079644092420004e+00
3.873070903767466433e+00
3.873083077161662668e+00
3.873074009220098368e+00
3.873085819807812413e+00
3.873076386349999733e+00
3.873087796960519746e+00
3.873077961147144865e+00
3.873088920654408351e+00
3.873078608949227508e+00
3.873089063556194311e+00
3.873078249028617748e+00
3.873088172576478527e+00
3.873076818740960103e+00
3.873086154961263183e+00
3.873074195144382337e+00
3.873082895076078724e+00
3.873070302782616992e+00
3.873078336289825785e+00
3.873065048439388480e+00
3.873072325842875863e+00
3.873058251858351841e+00
3.873064699649683806e+00
3.873049784457561540e+00
3.873055353370916887e+00
3.873039535841945380e+00
3.873044153686421076e+00
3.873027365034979574e+00
3.873030974038894847e+00
3.873013160973317159e+00
3.873015690727930060e+00
3.872996755112109835e+00
3.872998103221902966e+00
3.872977953453367039e+00
3.872978032094754663e+00
3.872956582784496504e+00
3.872955310937034934e+00
3.872932465236681665e+00
3.872929739656733705e+00
3.872905405082478048e+00
3.872901132498279608e+00
3.872875219041787886e+00
3.872869309767261292e+00
3.872841709515708608e+00
3.872834036145665682e+00
3.872804609253134522e+00
3.872795050241220061e+00
3.872763698002874122e+00
3.872752156957942837e+00
3.872718766378357547e+00
3.872705086227045790e+00
3.872669494753329555e+00
3.872653555056389418e+00
3.872615644689518799e+00
3.872597306039471832e+00
3.872556916461319165e+00
3.872535998810602731e+00
3.872492972801775846e+00
3.872469362599107345e+00
3.872423594218628917e+00
3.872397141420266475e+00
3.872348433189936490e+00
3.872318936820870139e+00
3.872267104851785824e+00
3.872234393121047447e+00
3.872179262140615918e+00
3.872143135351339360e+00
3.872084492252297228e+00
3.872044743984532911e+00
3.871982403500222603e+00
3.871938862920172308e+00
3.871872640379510955e+00
3.871825095094094227e+00
3.871754767400437558e+00
3.871702997920953848e+00
3.871628337718787005e+00
3.871572100844298703e+00
3.871492863526962314e+00
3.871431902761133248e+00
3.871347822477352985e+00
3.871281889044791313e+00
3.871192718675064981e+00
3.871121559174702575e+00
3.871027062265578689e+00
3.870950434247749428e+00
3.870850343921959258e+00
3.870767952961960745e+00
3.870661959749097658e+00
3.870573506255961416e+00
3.870461321081408279e+00
3.870366511868535753e+00
3.870247820872962929e+00
3.870146313097469815e+00
3.870020802058900866e+00
3.869912302136495619e+00
3.869779658407831224e+00
3.869663840862639148e+00
3.869523714348902299e+00
3.869400209226608212e+00
3.869252253463941749e+00
3.869120730291182753e+00
3.868964606717262278e+00
3.868824687270972618e+00
3.868660004618963644e+00
3.868511308845154595e+00
3.868337699550938868e+00
3.868179866840755654e+00
3.867996962188188004e+00
3.867829590414927132e+00
3.867636967314090235e+00
3.867459622743684822e+00
3.867256872119094524e+00
3.867069152203217897e+00
3.866855857416247932e+00
3.866657319855859587e+00
3.866433044875456027e+00
3.866223264104064583e+00
3.865987590848688704e+00
3.865766139277278857e+00
3.865518627878971269e+00
3.865285017420740488e+00
3.865025172612230886e+00
3.864778914703971058e+00
3.864506249282514627e+00
3.864246846670303270e+00
3.863960861683259473e+00
3.863687782611402444e+00
3.863387953443033762e+00
3.863100672340058050e+00
3.862786484649004759e+00
3.862484463269986623e+00
3.862155349646744895e+00
3.861837966451813653e+00
3.861493257750269859e+00
3.861159803039685645e+00
3.860798808217959177e+00
3.860448541603171524e+00
3.860070492435751621e+00
3.859702594062723424e+00
3.859306638504017783e+00
3.858920207611960418e+00
3.858505410933017465e+00
3.858099396834263395e+00
3.857664568940653016e+00
3.857237583701106587e+00
3.856781203579798589e+00
3.856331554273344508e+00
3.855851798274869680e+00
3.855377454054761621e+00
3.854872098600027552e+00
3.854370572943713213e+00
3.853836898878329809e+00
3.853305132029836155e+00
3.852739679460733146e+00
3.852173593996446765e+00
3.851571627192996949e+00
3.850965677610835414e+00
3.850320859945898455e+00
3.849667743450623014e+00
3.848971811942438759e+00
3.848262131757440585e+00
3.847504515049191109e+00
3.846726215503785351e+00
3.845893197723762924e+00
3.845030380108593882e+00
3.844103544253404170e+00
3.843134650205255021e+00
3.842088893881799194e+00
3.840984549874228104e+00
3.839785886165634210e+00
3.838506805281975076e+00
3.837110272582896719e+00
3.835604795119857080e+00
3.833951225178906075e+00
3.832151247256315063e+00
3.830162232090736474e+00
3.827976726650511363e+00
3.825546496506947669e+00
3.822851881790531703e+00
3.819836474237759738e+00
3.816464981616257468e+00
3.812670128993201679e+00
3.808396969457924275e+00
3.803563137029649432e+00
3.798088624148949322e+00
3.791871269601804428e+00
3.784797211919801008e+00
3.776734874904715156e+00
3.767524197892792248e+00
3.756991562873958301e+00
3.744914508987378987e+00
3.731061914114257583e+00
3.715129733539899171e+00
3.696811248916257231e+00
3.675697317414853060e+00
3.651381962840429818e+00
3.623317993539806547e+00
3.590965191602632167e+00
3.553589511934132528e+00
3.510465651051348779e+00
3.460605021792940050e+00
3.403032465262463280e+00
3.336421214933937396e+00
3.259475430985081967e+00
3.170432401188761240e+00
3.067605122736895229e+00
2.948665958292006284e+00
2.811475546910917611e+00
2.652721954299096296e+00
2.469087508215169979e+00
2.254833164370753984e+00
2.008820941136700178e+00
1.731560940135315363e+00
1.426568818826855267e+00
1.116314341658264597e+00
8.248321836366331317e-01
5.724501698807844541e-01
3.770173376818456434e-01
2.542902037988424291e-01
