9.997137458712536118e-01
1.285722641604787109e+00
1.730517404924992730e+00
2.265664266616123523e+00
2.801818052097705181e+00
3.242930729722836691e+00
3.536993344274975026e+00
3.656598740533852254e+00
3.590848818131775033e+00
3.337599373707697659e+00
2.611745664660109600e+00
1.345534411351655857e+00
-1.477922095578973749e-01
-1.476352508605411229e+00
-2.394837386981504501e+00
-2.887880001268431140e+00
-3.077475628921034545e+00
-3.061377576347260376e+00
-2.807407886298331157e+00
-2.195518991615536653e+00
-1.173807877320305559e+00
1.098348281007527905e-01
1.299628800990290989e+00
2.015194303002389109e+00
2.123468675381614545e+00
1.936074347556554054e+00
1.594694304573023969e+00
8.342011610351032225e-01
-2.964604907910021181e-01
-1.694956072081373222e+00
-3.248313118724963200e+00
-4.847319248972327799e+00
-6.409230544041643718e+00
-7.841359650964285777e+00
-9.079926999555500089e+00
-1.009658376819040093e+01
-1.087884245359833635e+01
-1.142656601448971365e+01
-1.203545606790786238e+01
-1.280094828659253636e+01
-1.344910390977455172e+01
-1.364746641440578578e+01
-1.322235301615007330e+01
-1.224980432288748489e+01
-1.094449447287089505e+01
-9.491603632774614496e+00
-7.917252254123417821e+00
-6.199460902083009373e+00
-4.330614236156925756e+00
-2.538272914956782866e+00
-9.796548690403213966e-01
1.008519353965030702e-01
5.092600111768516014e-01
5.850845696774739091e-01
4.363579445415748381e-01
-1.879009802626719072e-01
-1.194961769449953248e+00
-2.488201979384168094e+00
-3.940158104622002444e+00
-5.450209552482551345e+00
-6.926220044446067092e+00
-8.282019217781371623e+00
-9.450513011898147298e+00
-1.041892610335150593e+01
-1.114404122400079977e+01
-1.172158543463759450e+01
-1.245439308818512281e+01
-1.327065252851638455e+01
-1.384602702700676602e+01
-1.387175023215775838e+01
-1.326504297937812105e+01
-1.215752043209353594e+01
-1.078009110417242766e+01
-9.262032109475153874e+00
-7.597511701334359380e+00
-5.758011447276814465e+00
-3.806527984042616275e+00
-2.030090839442985740e+00
-5.941563628412882547e-01
2.646778946422011503e-01
5.208720830467051810e-01
5.584014986435613670e-01
2.769724312206974237e-01
-4.819680478796612988e-01
-1.582301782565474602e+00
-2.937733227077628406e+00
-4.410116736570929952e+00
-5.916636353566746109e+00
-7.356785086845604837e+00
-8.655275520538731726e+00
-9.754825486031148074e+00
-1.065058844782033631e+01
-1.129594062619164241e+01
-1.189795494198807368e+01
-1.268463257018118817e+01
-1.346033879522554244e+01
-1.388609269538238600e+01
-1.370410737554106717e+01
-1.291636026948112104e+01
-1.169620450817074619e+01
-1.027022918432302490e+01
-8.706111359986611120e+00
-6.990022615473479028e+00
-5.092491858939785843e+00
-3.165328367912775498e+00
-1.484179740506223810e+00
-1.990516315155956006e-01
4.378336192520708159e-01
5.922860328711525568e-01
5.656343808504863402e-01
1.285663046089573491e-01
-7.504999391096516259e-01
-1.942032510629227327e+00
-3.347943144597491649e+00
-4.838751374024500507e+00
-6.335634937663090938e+00
-7.738397464594256370e+00
-8.978278063152947297e+00
-1.001613637837630932e+01
-1.083574200515903208e+01
-1.142937237034288778e+01
-1.208878804582928268e+01
-1.290828321307659188e+01
-1.361172107457014491e+01
-1.386185135303291283e+01
-1.347690357935428729e+01
-1.252721099042233277e+01
-1.122138376464492104e+01
-9.751838557055981127e+00
-8.140472601649186402e+00
-6.366825336880812536e+00
-4.426332203282052014e+00
-2.554415550751784725e+00
-9.792019732966793510e-01
1.220405966977264889e-01
5.562938037835549743e-01
6.493114523506686719e-01
5.230839800865109135e-01
-7.328919338752847012e-02
-1.060971891306368819e+00
-2.337041749213320418e+00
-3.779901332604681308e+00
-5.282677212538345657e+00
-6.757879341844480692e+00
-8.115123294097402962e+00
-9.289352428418148122e+00
-1.026287592929555537e+01
-1.099714266401895379e+01
-1.157355856681002670e+01
-1.230059924063189669e+01
-1.311941217035217555e+01
-1.371085574762907910e+01
-1.375986323874636597e+01
-1.317567146667997768e+01
-1.208217864641736305e+01
-1.071107084480236615e+01
-9.196701583731012875e+00
-7.536421813157211602e+00
-5.700670149110613316e+00
-3.745910374861040726e+00
-1.956415973134133957e+00
-5.058796633912827634e-01
3.789453843140999090e-01
6.500909275937045706e-01
6.950776307532678944e-01
4.297213309868723741e-01
-3.139393027004430126e-01
-1.403860731921324545e+00
-2.751553764145510339e+00
-4.221479166926842552e+00
-5.727083737154569754e+00
-7.171013601367984158e+00
-8.474794845566009371e+00
-9.582544174384450386e+00
-1.048632325137137755e+01
-1.114110471558627324e+01
-1.174695144114044609e+01
-1.253856772664967067e+01
-1.332176463527463284e+01
-1.375994209057837381e+01
-1.358999363499301971e+01
-1.281260594151038568e+01
-1.159666693425935868e+01
-1.017198026067606342e+01
-8.606908618806270894e+00
-6.889359800224002406e+00
-4.988112875338541308e+00
-3.052468752093600468e+00
-1.362549188269292388e+00
-7.029344763132965024e-02
5.790695263203942122e-01
7.387210075164221124e-01
7.187769006361613977e-01
2.889933902923230713e-01
-5.826708120778053557e-01
-1.769843195556425330e+00
-3.171529534553242602e+00
-4.662043121236719045e+00
-6.158542833812599149e+00
-7.565639121592599103e+00
-8.809963820625011266e+00
-9.858297458738460861e+00
-1.068481006242816989e+01
-1.129716608734126737e+01
-1.199087339196307589e+01
-1.283635840568084951e+01
-1.354163668359566408e+01
-1.377498299736188692e+01
-1.336418229830018589e+01
-1.239396191929940017e+01
-1.107215940459319725e+01
-9.588941603977591654e+00
-7.954703951126608885e+00
-6.151775758704063790e+00
-4.180000780180444409e+00
-2.292195022481797739e+00
-7.229748638838766617e-01
3.540146952344895293e-01
7.761755590282465311e-01
8.711592071803589965e-01
7.542837908098946054e-01
1.730770951293553461e-01
-8.004679995837233886e-01
-2.065992897964915365e+00
-3.502233433561923626e+00
-5.006319322535806471e+00
-6.489631328973260338e+00
-7.867835778976965955e+00
-9.073810373462906753e+00
-1.009248592693407964e+01
-1.086764815792943573e+01
-1.159149551512666676e+01
-1.249228386338244867e+01
-1.338505497759136453e+01
-1.391980274251537963e+01
-1.383312126613023096e+01
-1.310385110552111243e+01
-1.190673872710171821e+01
-1.045786612287342088e+01
-8.854754143263287247e+00
-7.053258164569716548e+00
-5.051802895165582008e+00
-2.959261788454026654e+00
-1.140899653186191243e+00
2.241473913959341480e-01
9.890806003813591429e-01
1.253421098590821625e+00
1.308797493537636969e+00
1.139449628052198848e+00
5.652976421786927164e-01
-4.146782797701145107e-01
-1.681619606892384100e+00
-3.156687866927093022e+00
-4.726190997649809766e+00
-6.347000608936944843e+00
-7.906669311424368018e+00
-9.394449164542292507e+00
-1.096677448213775463e+01
-1.264052758967645040e+01
-1.417716465025882044e+01
-1.524564251251342561e+01
-1.562608588805076693e+01
-1.530925976683018419e+01
-1.442410589530490661e+01
-1.310837744306074271e+01
-1.140641921122401392e+01
-9.298465362031897996e+00
-6.808410134506868161e+00
-4.117258971321647643e+00
-1.617029577735273449e+00
3.061897000107322020e-01
1.475348795038515792e+00
2.248322775109785621e+00
2.875840267114110116e+00
3.346971729547302932e+00
3.697339718727662206e+00
3.950198762568657429e+00
4.139043831056202549e+00
4.274035755212592491e+00
4.375611622869745254e+00
4.446804326392685525e+00
4.500916569692176239e+00
4.537393204474190256e+00
4.565584016101852605e+00
4.583096051149746053e+00
4.596981015032778117e+00
4.604003588849676198e+00
4.609897179593981598e+00
4.611086842605995884e+00
4.612475932838981052e+00
4.610402848672893406e+00
4.609236966050115569e+00
4.605336991757940091e+00
4.602687854741110307e+00
4.597748394673634387e+00
4.594243573371227463e+00
4.588737486589953285e+00
4.584724615059744934e+00
4.578892595736063775e+00
4.574576589887824341e+00
4.568578449264976804e+00
4.564072653124976675e+00
4.557978325319745672e+00
4.553357078947060543e+00
4.547228224546295827e+00
4.542525932732291771e+00
4.536373306169098285e+00
4.531619352689606472e+00
4.525473791285346437e+00
4.520678374851365255e+00
4.514532106312801218e+00
4.509708441306989890e+00
4.503581009655624356e+00
4.498730476888448848e+00
4.492608473797430335e+00
4.487739483927777329e+00
4.481639155034837785e+00
4.476749688397939408e+00
4.470655436235138502e+00
4.465751959197014287e+00
4.459679177202778178e+00
4.454758550761458658e+00
4.448691107710463832e+00
4.443759021672708975e+00
4.437712008150925591e+00
4.432765160395325310e+00
4.426722770343009650e+00
4.421766203160115261e+00
4.415742904255670176e+00
4.410772622776875096e+00
4.404752453322407391e+00
4.399773770697430919e+00
4.393771667264514846e+00
4.388780427261666617e+00
4.382780411427082967e+00
4.377781724402824537e+00
4.371798706618124974e+00
4.366788388742940619e+00
4.360806644711249902e+00
4.355789863821620145e+00
4.349824322067361138e+00
4.344796674332917163e+00
4.338831619309444498e+00
4.333798240092083809e+00
4.327848615497267737e+00
4.322805059537870420e+00
4.316855328821922022e+00
4.311806797841713390e+00
4.305871812869860982e+00
4.300813577489953410e+00
4.294877840790809920e+00
4.289815218636805483e+00
4.283893774371041907e+00
4.278822135956782624e+00
4.272899455999537466e+00
4.267823822441966897e+00
4.261914783490138525e+00
4.256830517294976524e+00
4.250919899657499279e+00
4.245832250965787757e+00
4.239934878732268153e+00
4.234838960255231655e+00
4.228939491972731446e+00
4.223840510280022720e+00
4.217953941600347534e+00
4.212847144295579049e+00
4.206958159766550409e+00
4.201848681311642686e+00
4.195972221426944593e+00
4.190855212477361036e+00
4.184976002225949010e+00
4.179856650760440218e+00
4.173989696230832713e+00
4.168863143383078729e+00
4.162993150604560988e+00
4.157864530159792515e+00
4.152006465502916299e+00
4.146870898122731575e+00
4.141009524017615462e+00
4.135872154872893169e+00
4.130022515758796864e+00
4.124878517922846655e+00
4.119025327813750081e+00
4.113879728014190107e+00
4.108037990862569266e+00
4.102885970171549879e+00
4.097040485652406971e+00
4.091887093699051903e+00
4.086052879367337631e+00
4.080893269584628946e+00
4.075055050530694167e+00
4.069894251054120282e+00
4.064067175513934593e+00
4.058900381907846189e+00
4.053069069089328735e+00
4.047901256758958510e+00
4.042080945257684910e+00
4.036907336739212759e+00
4.031082586204560059e+00
4.025908073919375774e+00
4.020094190191435324e+00
4.014914116088911911e+00
4.009095680374374915e+00
4.003914813723425503e+00
3.998107043489745660e+00
3.992920732469236178e+00
3.987108231514351342e+00
3.981921309344490290e+00
3.976119455332848496e+00
3.970927271523842617e+00
3.965120472243425898e+00
3.959927722643286518e+00
3.954131444413170993e+00
3.948933631242153020e+00
3.943132299683171027e+00
3.937933995678287502e+00
3.932143088203449377e+00
3.926939846778819465e+00
3.921143716057245321e+00
3.915940099087893866e+00
3.910154368469698660e+00
3.904945962507545776e+00
3.899154843817615568e+00
3.893946118224536956e+00
3.888165327615277889e+00
3.882951947220000033e+00
3.877165612450810261e+00
3.871951974281874875e+00
3.866175943276203952e+00
3.860957824073494749e+00
3.855176149001620978e+00
3.849957769809468022e+00
3.844186293594583415e+00
3.838963553236366177e+00
3.833186314774583270e+00
3.827963413753402655e+00
3.822196405079953507e+00
3.816969259374699330e+00
3.811196314323634038e+00
3.805968994114977022e+00
3.800206224273957822e+00
3.794974822176805596e+00
3.789206010036735961e+00
3.783974460098749493e+00
3.778215818437986151e+00
3.772980307350949580e+00
3.767215476351134296e+00
3.761979813723657529e+00
3.756225134535578825e+00
3.750985645548449376e+00
3.745224713682916651e+00
3.739985132370810206e+00
3.734234318028657462e+00
3.728990949138356381e+00
3.723233692920740801e+00
3.717990254907731718e+00
3.712243226154837927e+00
3.706996220171365763e+00
3.701242607378194549e+00
3.695995411403912190e+00
3.690251940842500300e+00
3.685001309689143856e+00
3.679251238693449277e+00
3.674000493067152817e+00
3.668260577692963320e+00
3.663006419829999860e+00
3.657259709791851776e+00
3.652005424156620439e+00
3.646268949594791753e+00
3.641011452118055214e+00
3.635268067448726992e+00
3.630010372998495605e+00
3.624277201633379075e+00
3.619016382178634306e+00
3.613276210031666658e+00
3.608015222207546113e+00
3.602285309958402681e+00
3.597021312204490950e+00
3.591284279393796020e+00
3.586020069858888881e+00
3.580293293386250131e+00
3.575026152795416579e+00
3.569292128846250023e+00
3.564024771300694283e+00
3.558301119957777647e+00
3.553031002093796520e+00
3.547299934598356241e+00
3.542029473795393457e+00
3.536308783404004341e+00
3.531035736649328793e+00
3.525307596733541438e+00
3.520034179139467589e+00
3.514316437289490835e+00
3.509040482535601857e+00
3.503315146876296193e+00
3.498038804305115601e+00
3.492323921934050723e+00
3.487045142923587804e+00
3.481322523912569356e+00
3.476043317541875233e+00
3.470331271555000097e+00
3.465049794314467579e+00
3.459329901079490899e+00
3.454047899220046514e+00
3.448338560485694426e+00
3.443054394467662149e+00
3.437337139186736223e+00
3.432052427992338117e+00
3.426345772986528093e+00
3.421058955479537200e+00
3.415344229986180480e+00
3.410056846546388964e+00
3.404352897458171157e+00
3.399063579413611258e+00
3.393351362183032016e+00
3.388061315395948903e+00
3.382359907867569682e+00
3.377068102974374764e+00
3.371358375842430810e+00
3.366065773039212949e+00
3.360366910745601565e+00
3.355072646361921151e+00
3.349365325892222245e+00
3.344070190356759564e+00
3.338373800840000349e+00
3.333077112483634252e+00
3.327372139276319807e+00
3.322074543170069116e+00
3.316380630518194650e+00
3.311081615719282389e+00
3.305378982026573986e+00
3.300078943815463184e+00
3.294387415656389262e+00
3.289086087208727083e+00
3.283385722889629488e+00
3.278083274333403185e+00
3.272394088061596928e+00
3.267090488387708547e+00
3.261392378725810559e+00
3.256087630512152664e+00
3.250400836656157644e+00
3.245095000030902899e+00
3.239399029686157228e+00
3.234091914926481515e+00
3.228407422014351713e+00
3.223099463447268498e+00
3.217405679335509028e+00
3.212096260035184780e+00
3.206413999775045820e+00
3.201103886850393376e+00
3.195412245758310288e+00
3.190100597656782444e+00
3.184420569015902647e+00
3.179108318708587788e+00
3.173418732505717266e+00
3.168104883521852155e+00
3.162427075681667255e+00
3.157112771639699389e+00
3.151425247825833331e+00
3.146109190369120068e+00
3.140433544564560364e+00
3.135117203735833691e+00
3.129431697006042068e+00
3.124113466300948883e+00
3.118439937570509191e+00
3.113121602129675480e+00
3.107438136060509670e+00
3.102117816936620365e+00
3.096446428351828484e+00
3.091126063613287123e+00
3.085444495574907631e+00
3.080122060254930627e+00
3.074452823239699040e+00
3.069130567194444215e+00
3.063450934319559948e+00
3.058126369235740771e+00
3.052459169096435332e+00
3.047134992313402790e+00
3.041457280790069273e+00
3.036130670645717178e+00
3.030465513986180248e+00
3.025139424176458203e+00
3.019463577303888702e+00
3.014134933776898340e+00
3.008471804927499882e+00
3.003143849758865613e+00
2.997469847855162239e+00
2.992139172177384232e+00
2.986478070175740740e+00
2.981148296750764093e+00
2.975476119022592680e+00
2.970143428363819282e+00
2.964484298582176436e+00
2.959152727946550598e+00
2.953482386778588431e+00
2.948147731855092157e+00
2.942490560932847110e+00
2.937157143835023021e+00
2.931488549234675833e+00
2.926151951594097689e+00
2.920496800371735535e+00
2.915161647226574004e+00
2.909494779640300788e+00
2.904156158901574081e+00
2.898502916615254499e+00
2.893166035826018501e+00
2.887500928340208439e+00
2.882160392591412101e+00
2.876509055755231969e+00
2.871170398468425589e+00
2.865506984294861059e+00
2.860164535619583059e+00
2.854515119021573621e+00
2.849174771861180400e+00
2.843513021854374934e+00
2.838168621255555468e+00
2.832521094561759600e+00
2.827179060730138804e+00
2.821518951343564563e+00
2.816172657684699043e+00
2.810527035639375448e+00
2.805183387714837995e+00
2.799524936631782257e+00
2.794176738546550798e+00
2.788532951599606680e+00
2.783187614834953916e+00
2.777530758308773162e+00
2.772180696698541613e+00
2.766538797289236129e+00
2.761191836857199267e+00
2.755536549624721943e+00
2.750184568187499679e+00
2.744544496796967881e+00
2.739195923867662419e+00
2.733542186609120073e+00
2.728188339813194307e+00
2.722550101618449236e+00
2.717199950285324128e+00
2.711547761790254363e+00
2.706192040733796045e+00
2.700555590854236243e+00
2.695203874151596679e+00
2.689553182252963026e+00
2.684195598020045814e+00
2.678560957437453816e+00
2.673207669860208302e+00
2.667558430630185384e+00
2.662198991875925902e+00
2.656566203068472021e+00
2.651211454757916641e+00
2.645563666291689930e+00
2.640202338721828745e+00
2.634571256572337816e+00
2.629214945803795889e+00
2.623568585381226725e+00
2.618205456972592327e+00
2.612576194379444328e+00
2.607218396067338073e+00
2.601573366546713117e+00
2.596208333671666590e+00
2.590580815627708144e+00
2.585221566086342904e+00
2.579577896245393465e+00
2.574211015361689725e+00
2.568585222669398593e+00
2.563224528889421094e+00
2.557582146891435482e+00
2.552213387537893841e+00
2.546589322515740772e+00
2.541227243686273063e+00
2.535586136593448892e+00
2.530215509204536861e+00
2.524593118934143732e+00
2.519229616257314674e+00
2.513589723208935034e+00
2.508217288588796556e+00
2.502596687687731247e+00
2.497231867513333370e+00
2.491593095716875261e+00
2.486218753759744882e+00
2.480599751909444262e+00
2.475233569472337525e+00
2.469595912468495413e+00
2.464219728574120083e+00
2.458602403621828802e+00
2.453234937349652700e+00
2.447598275426296599e+00
2.442220170756180142e+00
2.436604428066504457e+00
2.431235666410068941e+00
2.425599929926643750e+00
2.420219914504212699e+00
2.414605724885648286e+00
2.409235684420115930e+00
2.403600714631782598e+00
2.398218634216064515e+00
2.392605873662639215e+00
2.387234529245740866e+00
2.381600135951110975e+00
2.376215880850045981e+00
2.370604231084351809e+00
2.365231237447013690e+00
2.359596897039699215e+00
2.354210039059838167e+00
2.348599091431643249e+00
2.343223931793819048e+00
2.337588631920115567e+00
2.332197873531759225e+00
2.326585891195532607e+00
2.321206701289675767e+00
2.315568047384374939e+00
2.310170546103055944e+00
2.304553902388194242e+00
2.299166002720300472e+00
2.293517672815023278e+00
2.288105561720439773e+00
2.282474405591550681e+00
2.277065551255370579e+00
2.271391827758564741e+00
2.265945090069745316e+00
2.260273745888634167e+00
2.254811160483634502e+00
2.249070265726597295e+00
2.243536181877500368e+00
2.237758059194352001e+00
2.232156595271921340e+00
2.226239156333518654e+00
2.220477657523471926e+00
2.214414788629375241e+00
2.208448676061713023e+00
2.202068088105856081e+00
2.195712798409235944e+00
2.188896795881944524e+00
2.181964801852847025e+00
2.174354284972986218e+00
2.166427452012731347e+00
2.157614463431504870e+00
2.148124851680347280e+00
2.137247336306226764e+00
2.125135853840486089e+00
2.110988921133634566e+00
2.094673315172824068e+00
2.075079014304768599e+00
2.051788326257499850e+00
2.023341913909074030e+00
1.988674589752065014e+00
1.945619511224589981e+00
1.892255357338757271e+00
1.825408206272067790e+00
1.741521962152113634e+00
1.635681593238064169e+00
1.500580033199995444e+00
1.329906915683066515e+00
1.132197321340902230e+00
9.646549727492015336e-01
9.025541099373800558e-01
