1.181764605054860473e+00
8.082851028421177420e-01
5.800102264754999348e-01
5.304207276804090432e-01
6.366911381010617044e-01
8.323082641951796701e-01
1.016778903974615345e+00
1.085374731816906024e+00
9.192006086849682234e-01
5.216594517130245245e-01
-3.522016145528094055e-01
-1.897382700281646795e+00
-3.949054912669961670e+00
-6.136244491581750893e+00
-8.094899480493380040e+00
-9.583252280738633999e+00
-1.062832349748295435e+01
-1.174121669621359842e+01
-1.325415569870201615e+01
-1.507206914173546330e+01
-1.675022391592760229e+01
-1.775949290879032461e+01
-1.775001286656053168e+01
-1.673979057884542243e+01
-1.509774853707338238e+01
-1.336240015908786738e+01
-1.195663813926694630e+01
-1.095011875496099485e+01
-9.978310435312392812e+00
-8.555623143011413134e+00
-6.696214074913141800e+00
-4.656883882795242791e+00
-2.819011924647452094e+00
-1.551920333489794190e+00
-1.013816186506758754e+00
-9.597052282715801130e-01
-1.182204467101971801e+00
-2.049421439011848811e+00
-3.609297973641074631e+00
-5.616135305979371495e+00
-7.647657332121588603e+00
-9.391042880089187861e+00
-1.062856143514895813e+01
-1.159100443357658428e+01
-1.279193627551844159e+01
-1.440637196024263389e+01
-1.619517054900707720e+01
-1.765361606988609822e+01
-1.829088977892925882e+01
-1.787705811249992394e+01
-1.656326389871805205e+01
-1.480264907114313822e+01
-1.312166805223581356e+01
-1.183759969046975336e+01
-1.087006670651979512e+01
-9.746242492479220587e+00
-8.113869695397701420e+00
-6.136598945396419147e+00
-4.099991012566181148e+00
-2.426722218885458471e+00
-1.407948928478152339e+00
-1.088836235284137421e+00
-1.104735350131285543e+00
-1.507368186512896946e+00
-2.629421234129252216e+00
-4.377341486005673410e+00
-6.430365380037777356e+00
-8.372430051178607613e+00
-9.940375765355691229e+00
-1.100642231879064248e+01
-1.193134326038195248e+01
-1.320380411451519187e+01
-1.488828978886519749e+01
-1.664744343740564858e+01
-1.792612150215822808e+01
-1.827159297372534041e+01
-1.754057643486924789e+01
-1.599642999685203826e+01
-1.414857769994130088e+01
-1.251833265123662287e+01
-1.132108282996597381e+01
-1.034773265086487548e+01
-9.061293771363221339e+00
-7.291607712692524501e+00
-5.233554887282783064e+00
-3.211787656904014909e+00
-1.635452587970245730e+00
-7.819519825989590389e-01
-5.483983534474603516e-01
-6.652847945189284129e-01
-1.409900834508510448e+00
-2.834034199261966869e+00
-4.620628745196365017e+00
-6.334398040574522604e+00
-7.610641259421255356e+00
-8.291676424975410242e+00
-8.445727087192745230e+00
-8.279478564540346142e+00
-7.985077888644580568e+00
-7.613090121870777160e+00
-7.035831998096599982e+00
-6.048575955781627655e+00
-4.507434016476499217e+00
-2.462553781237388328e+00
-1.714601751424754406e-01
1.971089897396587798e+00
3.631319497592131018e+00
4.715372106891744686e+00
5.492197695152941428e+00
6.157074828583900761e+00
6.661095223470927529e+00
7.046016403527009864e+00
7.330225810665680797e+00
7.542653482645897967e+00
7.694413345520032976e+00
7.804096985384849638e+00
7.877555862548438093e+00
7.926891567121065130e+00
7.954611430242550796e+00
7.968822821962248781e+00
7.970053613118415647e+00
7.963941857254241086e+00
7.949897415795731170e+00
7.932033621209598095e+00
7.909184508735100927e+00
7.884518225197404639e+00
7.856600449595674718e+00
7.827992846075921385e+00
7.797159800386021189e+00
7.766259908196373019e+00
7.733748047783818080e+00
7.701507497669335400e+00
7.668031998270675054e+00
7.635005576276925332e+00
7.600979644790987422e+00
7.567487673475250531e+00
7.533148600660379834e+00
7.499378244243694702e+00
7.464863089158761511e+00
7.430923508680440825e+00
7.396311967899636741e+00
7.362268306921121663e+00
7.327605473804631231e+00
7.293494898150726158e+00
7.258806808578207814e+00
7.224652807998158899e+00
7.189954268868526732e+00
7.155770024750585989e+00
7.121069243979938790e+00
7.086863755267912346e+00
7.052165258973828621e+00
7.017943390593247344e+00
6.983249490324609177e+00
6.949015220094252321e+00
6.914326916142243817e+00
6.880081908696065618e+00
6.845399578933901275e+00
6.811146065865792742e+00
6.776469661675501577e+00
6.742208306907309989e+00
6.707537658808147896e+00
6.673269968028850307e+00
6.638604679696094024e+00
6.604330844731082450e+00
6.569670545412555462e+00
6.535391778727762002e+00
6.500736017784039866e+00
6.466452345833956450e+00
6.431800718652120885e+00
6.397513152467271702e+00
6.362865206049385769e+00
6.328573751782644585e+00
6.293929081418805360e+00
6.259634629292466279e+00
6.224992831659013071e+00
6.190695350375697181e+00
6.156055914466908696e+00
6.121756182324859630e+00
6.087118739738225592e+00
6.052816702155665141e+00
6.018180715619894094e+00
5.983877127219224157e+00
5.949242184935826572e+00
5.914936892379770939e+00
5.880302341541685074e+00
5.845995985317214760e+00
5.811361273708873121e+00
5.777053550183341990e+00
5.742417728036021352e+00
5.708108943574330851e+00
5.673471057078375068e+00
5.639160470806752201e+00
5.604518900655496516e+00
5.570206105823241494e+00
5.535558907190737621e+00
5.501241966176060316e+00
5.466585856163420409e+00
5.432262428468192184e+00
5.397592881751672955e+00
5.363258002357421894e+00
5.328567723258315070e+00
5.294214128425948296e+00
5.259492101222489779e+00
5.225106853135826235e+00
5.190335463533425120e+00
5.155898773739621355e+00
5.121050922630245417e+00
5.086529739879464884e+00
5.051561775204352678e+00
5.016903450455802549e+00
4.981745991787192906e+00
4.946865141836439328e+00
4.911408283527260110e+00
4.876168983198938989e+00
4.840236341164425582e+00
4.804417192748549503e+00
4.767724546007841013e+00
4.730970361094530396e+00
4.693063419349497778e+00
4.654800614684569737e+00
4.614941412842745727e+00
4.574234044382616382e+00
4.531223639175027351e+00
4.486551585573382184e+00
4.438443810298939418e+00
4.387328158199442107e+00
4.330932619142773277e+00
4.269289399677650643e+00
4.199355781292969603e+00
4.120481705666434458e+00
4.028409964507226881e+00
3.921311009318163787e+00
3.792966751853376284e+00
3.639580419711802683e+00
3.451833016026381262e+00
3.222817997022088488e+00
2.936750939135697624e+00
2.579563142135448128e+00
2.141950312762427533e+00
1.650607362577720449e+00
