1.095173452881503806e+00
1.383102811059355508e+00
1.829498270769924106e+00
2.365960566585471270e+00
2.903190173279730946e+00
3.345190268866262251e+00
3.640000532660213839e+00
3.760254511998952331e+00
3.695088609527701351e+00
3.442394414067562192e+00
2.717109899924765148e+00
1.451527357490209891e+00
-4.107805865898445791e-02
-1.368828525451136091e+00
-2.286476898627826326e+00
-2.778773962191942282e+00
-2.967850567910128579e+00
-2.951555783878825334e+00
-2.697726065839251675e+00
-2.086249108994840729e+00
-1.065118579849587910e+00
2.178693857578539173e-01
1.406994536580643773e+00
2.121904229327542968e+00
2.229544802918363988e+00
2.041543472792132441e+00
1.699590853328263762e+00
9.385692647287297019e-01
-1.925696780933395524e-01
-1.591490067746615722e+00
-3.145222868303723107e+00
-4.744560494334346679e+00
-6.306762425116080095e+00
-7.739143001069027861e+00
-8.977924186624559155e+00
-9.994760014162626049e+00
-1.077716743766367458e+01
-1.132501499253502431e+01
-1.193401059704319422e+01
-1.269959635319494851e+01
-1.334783855271060560e+01
-1.354628363071899599e+01
-1.312125127213661280e+01
-1.214878581431370641e+01
-1.084356483471887778e+01
-9.390767468938699736e+00
-7.816507044641744173e+00
-6.098795163408430753e+00
-4.230012340236935842e+00
-2.437722308083432488e+00
-8.791494896674950654e-01
2.013134061058758362e-01
6.096770235617473555e-01
6.854550400997995174e-01
5.366767937621359508e-01
-8.764238276483381218e-02
-1.094774011303700778e+00
-2.388094803995369109e+00
-3.840138321711017433e+00
-5.350280671734213733e+00
-6.826383024143800604e+00
-8.182272995338568222e+00
-9.350854211360507762e+00
-1.031934854724346096e+01
-1.104453632097296101e+01
-1.162214377971789148e+01
-1.235500643759872474e+01
-1.317131471910265184e+01
-1.374673323544153547e+01
-1.377249579851521943e+01
-1.316582367710216595e+01
-1.205833432840357844e+01
-1.068093984837637578e+01
-9.162919626417313168e+00
-7.498441112951931053e+00
-5.658983197809448029e+00
-3.707540877640960630e+00
-1.931144586482740344e+00
-4.952530491483645436e-01
3.635342755401382853e-01
6.196768612760777950e-01
6.571501064189808616e-01
3.756606100920362734e-01
-3.833442316790524051e-01
-1.483745824027642657e+00
-2.839247842103521879e+00
-4.311703356972723888e+00
-5.818294695352371093e+00
-7.258513026663759860e+00
-8.557069309682503899e+00
-9.656680201971997946e+00
-1.055249860124957273e+01
-1.119790083429096939e+01
-1.179996048685838161e+01
-1.258667967709407343e+01
-1.336242458952040657e+01
-1.378821496988061490e+01
-1.360626442955828352e+01
-1.281855106081644990e+01
-1.159842905989841100e+01
-1.017248877454744438e+01
-8.608408020340606370e+00
-6.892358133608736281e+00
-4.994867103147289100e+00
-3.067743478877644314e+00
-1.386634826037624668e+00
-1.015472058365540636e-01
5.352967149596309371e-01
6.897069274017075813e-01
6.630124351520504389e-01
2.259013252473344724e-01
-6.532075784293169818e-01
-1.844781956182183436e+00
-3.250733322458010832e+00
-4.741581206424190675e+00
-6.238503322212710422e+00
-7.641303057527245812e+00
-8.881219111453988901e+00
-9.919110840199458323e+00
-1.073874795779624769e+01
-1.133240844235723976e+01
-1.199185357416039821e+01
-1.281137805778685568e+01
-1.351484524363336170e+01
-1.376500466564565883e+01
-1.338008556334937538e+01
-1.243042112904102936e+01
-1.112462197057749158e+01
-9.655105468685393433e+00
-8.043769376054585862e+00
-6.270153162955291570e+00
-4.329692088397332661e+00
-2.457808505130713694e+00
-8.826290638194329574e-01
2.185787236855930293e-01
6.527975371497858337e-01
7.457822459682799110e-01
6.195237172818902627e-01
2.312115571021390245e-02
-9.645895128403476626e-01
-2.240685684572873981e+00
-3.683569326453073778e+00
-5.186366744233872339e+00
-6.661588521628588389e+00
-8.018851568794451268e+00
-9.193100399482704077e+00
-1.016664435503561315e+01
-1.090093149340368761e+01
-1.147736689707515190e+01
-1.220442630783513138e+01
-1.302325851992708117e+01
-1.361472340192413633e+01
-1.366375443939204715e+01
-1.307958696876986338e+01
-1.198611728601440163e+01
-1.061503109368062070e+01
-9.100683766262084973e+00
-7.440428804736320956e+00
-5.604705885772884422e+00
-3.649977737211989481e+00
-1.860516037446254600e+00
-4.100126366086297436e-01
4.747788848662664041e-01
7.458895872702513419e-01
7.908402945525991878e-01
5.254481719209281865e-01
-2.182463050017141859e-01
-1.308198442056708544e+00
-2.655919212344828306e+00
-4.125870487145269827e+00
-5.631499993262677251e+00
-7.075453810381672426e+00
-8.379257253415625328e+00
-9.487026526796327630e+00
-1.039082381521918208e+01
-1.104562311275341813e+01
-1.165148854638178122e+01
-1.244312473928435381e+01
-1.322634225047863588e+01
-1.366454059755632677e+01
-1.349461374416563686e+01
-1.271724930305543744e+01
-1.150133569007865297e+01
-1.007667614992323202e+01
-8.511632734671737310e+00
-6.794113409919881441e+00
-4.892898631250296226e+00
-2.957291250327809262e+00
-1.267414352060899585e+00
2.479295679582139630e-02
6.741033047832232228e-01
8.336999069792851991e-01
8.136996996000865900e-01
3.838586318951699994e-01
-4.878650787963147439e-01
-1.675098211689102667e+00
-3.076844179451644568e+00
-4.567413403786916071e+00
-6.063963179679809912e+00
-7.471104503464297331e+00
-8.715471024734680938e+00
-9.763844584136538884e+00
-1.059039500516477439e+01
-1.120278572852421561e+01
-1.189652457513882133e+01
-1.274204019837854673e+01
-1.344735223259999479e+01
-1.368073899628395118e+01
-1.326998560265637295e+01
-1.229981561255619127e+01
-1.097806191471109472e+01
-9.494890196623853029e+00
-7.860699739456753043e+00
-6.057825712399015572e+00
-4.086115325836682466e+00
-2.198384450620457731e+00
-6.292486254625221376e-01
4.476455499100490676e-01
8.696964448296574668e-01
9.645536768059029820e-01
8.475378779383957450e-01
2.661827226212199471e-01
-7.075132004128628083e-01
-1.973188675860032770e+00
-3.409579560004569743e+00
-4.913814965610167285e+00
-6.397271739397998758e+00
-7.775610000867086313e+00
-8.981703309357483178e+00
-1.000048410782642527e+01
-1.077574475535001497e+01
-1.149969043971895921e+01
-1.240057950768883721e+01
-1.329345317873662502e+01
-1.382830650557331431e+01
-1.374173732593696506e+01
-1.301258758897440693e+01
-1.181559877982837214e+01
-1.036684477132817861e+01
-8.763843342178088136e+00
-6.962456580214957391e+00
-4.961122742654860751e+00
-2.868729269219646660e+00
-1.050551495323339912e+00
3.142684712434508643e-01
1.078931784126502702e+00
1.342966316214128986e+00
1.398010934913913150e+00
1.228313282902415038e+00
6.537977009032291953e-01
-3.265489090141200923e-01
-1.593851520796680354e+00
-3.069245474548724317e+00
-4.639011859915729730e+00
-6.260004950211384589e+00
-7.819770541558488830e+00
-9.307553842502047203e+00
-1.087977026258592694e+01
-1.255327446458141694e+01
-1.408951149123815227e+01
-1.515747252812097656e+01
-1.553736551504034402e+01
-1.522005688534445333e+01
-1.433456446708770393e+01
-1.301866230169726535e+01
-1.131665226014431980e+01
-9.208667114223921146e+00
-6.718457778370209077e+00
-4.026876399776089244e+00
-1.525818737249576618e+00
3.986898419129595306e-01
1.569608623842763784e+00
2.344797957124391097e+00
2.974972381090366103e+00
3.449191674673560026e+00
3.803059023099977232e+00
4.059792141115092790e+00
4.252836273132638567e+00
4.392303161482453255e+00
4.498592253294189547e+00
4.574710336646712783e+00
4.633937160604421734e+00
4.675690171242986359e+00
4.709287701794838021e+00
4.732308504298170959e+00
4.751785644560023059e+00
4.764474506491458428e+00
4.776102188060694864e+00
4.783084134831804946e+00
4.790309982776134845e+00
4.794104977258101918e+00
4.798831141225555541e+00
4.800846324782059860e+00
4.804136693806018599e+00
4.805159182078772240e+00
4.807632457070902809e+00
4.808113447039490396e+00
4.810093169531458379e+00
4.810260758225531674e+00
4.811954771058262637e+00
4.811977985249745515e+00
4.813501692855949088e+00
4.813440162018009616e+00
4.814852543167176258e+00
4.814759848255115493e+00
4.816099995652407095e+00
4.815998026660347264e+00
4.817301180833055696e+00
4.817215405852615540e+00
4.818480197601412662e+00
4.818395798483864567e+00
4.819639087968147884e+00
4.819586020507661495e+00
4.820816342234605756e+00
4.820778493269466836e+00
4.821994590482916898e+00
4.821980952305046308e+00
4.823182750574768640e+00
4.823186733485578692e+00
4.824388064910602125e+00
4.824423936018819248e+00
4.825613340809513652e+00
4.825657355209329147e+00
4.826840554956829621e+00
4.826915030127245210e+00
4.828095894331597471e+00
4.828185039904306031e+00
4.829361232513333491e+00
4.829471443027777866e+00
4.830637293319745673e+00
4.830758093534884168e+00
4.831925516123287245e+00
4.832072613244050352e+00
4.833231037378241446e+00
4.833380170166828194e+00
4.834531438642013512e+00
4.834701257218888770e+00
4.835847223824560892e+00
4.836023474757893403e+00
4.837163762662430422e+00
4.837353031381944390e+00
4.838478798969907402e+00
4.838667621070116276e+00
4.839789341909745524e+00
4.839994680473934885e+00
4.841103432213356150e+00
4.841301707391898468e+00
4.842397299124050924e+00
4.842604252590509084e+00
4.843686748574444145e+00
4.843889511223865796e+00
4.844960789371573817e+00
4.845166844951990903e+00
4.846216385550971673e+00
4.846410048453703823e+00
4.847447052646296051e+00
4.847646329761204242e+00
4.848663952880833961e+00
4.848846871697569227e+00
4.849844165178819111e+00
4.850024477650602073e+00
4.851000291744908210e+00
4.851166336949745528e+00
4.852124817094630060e+00
4.852285749060601283e+00
4.853216027684976730e+00
4.853354825326481325e+00
4.854265242895439592e+00
4.854400925660115718e+00
4.855286826814352530e+00
4.855399407951249913e+00
4.856260048958703557e+00
4.856362272531457691e+00
4.857195601316620426e+00
4.857276642298171687e+00
4.858089059334120385e+00
4.858160287030208302e+00
4.858941455807962662e+00
4.858985035591827817e+00
4.859742380687059438e+00
4.859778004790554995e+00
4.860509051753773235e+00
4.860519058275393434e+00
4.861223855980022712e+00
4.861220333402870963e+00
4.861895911363704137e+00
4.861868434322153654e+00
4.862523019773333566e+00
4.862485330864097399e+00
4.863109779739374972e+00
4.863043546112314708e+00
4.863644158253403127e+00
4.863569187935461891e+00
4.864145110262638738e+00
4.864045872734282128e+00
4.864598397678471464e+00
4.864486909222338618e+00
4.865012042712176132e+00
4.864877350396181299e+00
4.865384412193241026e+00
4.865242607618657011e+00
4.865724010130509924e+00
4.865556444452777463e+00
4.866017119499536747e+00
4.865843089483587569e+00
4.866283214153333425e+00
4.866089024798865736e+00
4.866511148711690105e+00
4.866308902467268105e+00
4.866708023735485611e+00
4.866485772280555011e+00
4.866871521935277833e+00
4.866647123088449156e+00
4.867013467002639260e+00
4.866768182410856625e+00
4.867118729979885039e+00
4.866871044627893106e+00
4.867206326402916616e+00
4.866943640504722168e+00
4.867267300378633976e+00
4.867002143635786204e+00
4.867308331328379367e+00
4.867027310855625011e+00
4.867325249204722759e+00
4.867047548045463579e+00
4.867332680083541696e+00
4.867039565146203728e+00
4.867314320402153172e+00
4.867023269667291707e+00
4.867287920292338477e+00
4.866986842630092625e+00
4.867245943487638726e+00
4.866948009502500838e+00
4.867195130355022492e+00
4.866885325737105639e+00
4.867128682620832869e+00
4.866827011254282631e+00
4.867063469116898133e+00
4.866751445829398115e+00
4.866982361971968096e+00
4.866676257057477528e+00
4.866901263666967736e+00
4.866589012041157680e+00
4.866813457911782770e+00
4.866509251840833272e+00
4.866726416282083356e+00
4.866413402291180468e+00
4.866629985161411653e+00
4.866328571889027899e+00
4.866542820993240426e+00
4.866235040527175926e+00
4.866447587988147916e+00
4.866148599777639028e+00
4.866358034584166603e+00
4.866055267786782323e+00
4.866267581352453853e+00
4.865976524306921291e+00
4.866185116394583510e+00
4.865887209080948850e+00
4.866097010041737114e+00
4.865812676169352535e+00
4.866023089331666718e+00
4.865734931637291538e+00
4.865946184456619861e+00
4.865668636030347827e+00
4.865878331002176260e+00
4.865597878415995226e+00
4.865812160053311075e+00
4.865545603183055512e+00
4.865758488577337282e+00
4.865485994863425923e+00
4.865700664903240380e+00
4.865442338526319688e+00
4.865658947547708557e+00
4.865397892322684825e+00
4.865616694636203832e+00
4.865367098532036749e+00
4.865584795610786273e+00
4.865331861472268926e+00
4.865554389701805427e+00
4.865316227240207958e+00
4.865538526989119816e+00
4.865294402829258402e+00
4.865518064564745337e+00
4.761567411482060308e+00
4.465358713884351793e+00
4.019650890556319744e+00
3.492027819860115567e+00
2.963954824990671533e+00
2.518706985137661558e+00
2.222046019770949066e+00
2.118556327511250004e+00
2.118344403473287230e+00
2.118575082919236241e+00
2.118356488751550692e+00
2.118587296554629518e+00
2.118380969699652727e+00
2.118612840862777791e+00
2.118402631357152899e+00
2.118636517296782262e+00
2.118437419895116136e+00
2.118668895293240872e+00
2.118462867334282240e+00
2.118696404927430610e+00
2.118504134163171404e+00
2.118737588440509523e+00
2.118537552819189873e+00
2.118769588075045895e+00
2.118580039838611206e+00
2.118811568410647883e+00
2.118616439752893932e+00
2.118848988503865716e+00
2.118664292866434984e+00
2.118893331059698681e+00
2.118699275576342522e+00
2.118928098806388771e+00
2.118746470881041510e+00
2.118974596051319548e+00
2.118783871894722282e+00
2.119008920814675623e+00
2.118826946725231419e+00
2.119049778536180373e+00
2.118860114280161966e+00
2.119082543235764060e+00
2.118902550479421443e+00
2.119120547755069861e+00
2.118928975971018591e+00
2.119144439031365401e+00
2.118963767067639115e+00
2.119177721008727033e+00
2.118986711314676086e+00
2.119196235680717688e+00
2.119012495679073904e+00
2.119218140981250276e+00
2.119024587138657711e+00
2.119228470560601707e+00
2.119044129890810257e+00
2.119243096834490192e+00
2.119045387691620874e+00
2.119239751943656991e+00
2.119051571740601325e+00
2.119243758117245413e+00
2.119044280089977139e+00
2.119231208311088022e+00
2.119038274816620770e+00
2.119220241526620363e+00
2.119015628306041510e+00
2.119194684823032304e+00
2.118999388530925732e+00
2.119173789356111115e+00
2.118964008752222128e+00
2.119132289470416541e+00
2.118931230695462631e+00
2.119097280733102107e+00
2.118884633387800864e+00
2.119045354916365476e+00
2.118839410462546091e+00
2.118994918144050832e+00
2.118776171717453582e+00
2.118928291985254564e+00
2.118719703293657108e+00
2.118868336299560173e+00
2.118645236159559797e+00
2.118787337666458548e+00
2.118573124958657683e+00
2.118713742300324387e+00
2.118488513561597397e+00
2.118624747111134354e+00
2.118407635295231461e+00
2.118539673586619987e+00
2.118309687270115926e+00
2.118438786113819639e+00
2.118220886531666736e+00
2.118348911234768206e+00
2.118117805276782395e+00
2.118240231883819380e+00
2.118019526873333280e+00
2.118142310976041998e+00
2.117912071694166620e+00
2.118032637799629470e+00
2.117813598604189718e+00
2.117932685338125065e+00
2.117702056274212818e+00
2.117819712998495252e+00
2.117604227108865977e+00
2.117724618118772995e+00
2.117498846760161868e+00
2.117616213499676103e+00
2.117403880594837862e+00
2.117524786456944419e+00
2.117305657099444627e+00
2.117427845389930674e+00
2.117224589163078541e+00
2.117349717110046381e+00
2.117137709777824117e+00
2.117264228369050816e+00
2.117071731523286982e+00
2.117206162499930322e+00
2.117007751142383931e+00
2.117143317248912027e+00
2.116963002814420847e+00
2.117106645269907439e+00
2.116923369991874804e+00
2.117072942230092902e+00
2.116911685071666493e+00
2.117070144079398197e+00
2.116904275305231398e+00
2.117068111895926030e+00
2.116927281342083411e+00
2.117105302120902532e+00
2.116963974744814792e+00
2.117148412377916955e+00
2.117031062448310408e+00
2.117229205133703829e+00
2.117113496914814874e+00
2.117322862311527221e+00
2.117236131203958482e+00
2.117461251069329364e+00
2.117374847982569364e+00
2.117609922208217643e+00
2.117554554259513999e+00
2.117810447271018859e+00
2.117760210811550969e+00
2.118028075046898273e+00
2.118008189609050795e+00
2.118295629624305398e+00
2.118281704719236380e+00
2.118585239540092591e+00
2.118607079432731410e+00
2.118933136536828687e+00
2.118959920338495451e+00
2.119299878227453693e+00
2.119362900840139119e+00
2.119729281549930455e+00
2.119801937144907278e+00
2.120184922711412234e+00
2.120293499245972324e+00
2.120700806725925869e+00
2.120817971846018946e+00
2.121244262527592461e+00
2.121402160176272922e+00
2.121856116055370389e+00
2.122021733297823953e+00
2.122491454420138979e+00
2.122696272977870002e+00
2.123195502878078678e+00
2.123411626306388911e+00
2.123929275272361306e+00
2.124184368407916690e+00
2.124728438371249695e+00
2.124991434622407471e+00
2.125553756282661855e+00
2.125859071575971981e+00
2.126450814796712940e+00
2.126763014963333642e+00
2.127368737840301005e+00
2.127719463182222270e+00
2.128353771548148643e+00
2.128712967945022960e+00
2.129363122347083692e+00
2.129760385507361242e+00
2.130435050088264060e+00
2.130835076374073989e+00
2.131522591086226548e+00
2.131961997247708407e+00
2.132676241681250140e+00
2.133117007659675490e+00
2.133838778294421257e+00
2.134313033234513934e+00
2.135058028049814816e+00
2.135532994334814916e+00
2.136286385284467571e+00
2.136794287490995536e+00
2.137566309529676190e+00
2.138067361779028008e+00
2.138842162426064952e+00
2.139375466492870359e+00
2.140170364402661729e+00
2.140695405553564967e+00
2.141487617673726973e+00
2.142037854056412005e+00
2.142844508275301152e+00
2.143383862788819538e+00
2.144188130784653090e+00
2.144752970550115379e+00
2.145567910456990468e+00
2.146113652315463138e+00
2.146918773670763780e+00
2.147487843430856636e+00
2.148305081080972290e+00
2.148854919272662478e+00
2.149658380216504572e+00
2.150225119900300630e+00
2.151034356071435116e+00
2.151578037906412000e+00
2.152373832545347643e+00
2.152936707928819526e+00
2.153737101195254855e+00
2.154269969680069341e+00
2.155049310412846975e+00
2.155598843173125001e+00
2.156384923610856319e+00
2.156906360433240799e+00
2.157670227318217560e+00
2.158204194708148282e+00
2.158969008888750096e+00
2.159470268124676462e+00
2.160213267367268930e+00
2.160731299547337780e+00
2.161476716805578402e+00
2.161956364984698897e+00
2.162671550793055175e+00
2.163163644673704145e+00
2.163881594410509646e+00
2.164335585386666594e+00
2.165020471186018813e+00
2.165479775298796206e+00
2.166155396768541408e+00
2.166561900377777850e+00
2.167192333440023599e+00
2.167594557901597163e+00
2.168200048568055927e+00
2.168520075719930329e+00
2.169039688135254718e+00
2.169309422304166901e+00
2.169751159808101626e+00
2.169871539257152815e+00
2.170139815942014216e+00
2.170095851762731343e+00
2.170136527803310234e+00
2.169750886693240677e+00
2.169378703428078925e+00
2.168531870940439532e+00
2.167550651717337740e+00
2.165867149410671821e+00
2.163839173243704117e+00
2.160893928854444201e+00
2.157237783776597251e+00
2.152153638235578814e+00
2.145786077291273131e+00
2.137322276198171167e+00
2.126617940646759131e+00
2.112552784773356507e+00
2.094697847732823970e+00
2.071578958601411724e+00
2.042111411951002431e+00
2.004105460689479035e+00
1.955616212349381211e+00
1.893447266287337172e+00
1.814020221083805673e+00
1.712395291413160381e+00
1.581237059242315501e+00
1.414205675759633740e+00
1.219810465914974218e+00
1.055237169857816681e+00
9.957514787054100314e-01
