2.870125559719091779e+00
2.481421947498282599e+00
2.084555932117958754e+00
1.732301466608151319e+00
1.464448551072992766e+00
1.312301677887356632e+00
1.275981960662175396e+00
1.325644083866790890e+00
1.407263278954990593e+00
1.466207141212904963e+00
1.430585196575888451e+00
1.283912265593096347e+00
1.046632738911282834e+00
6.235100666830176719e-01
-9.176022838833451656e-02
-1.009497115211689167e+00
-2.105390105801393297e+00
-3.312944158214985890e+00
-4.571492393464274606e+00
-5.839473943737915285e+00
-7.067680028144975424e+00
-8.208728661328983378e+00
-9.229080925837852334e+00
-1.010582941705858318e+01
-1.084057958598426552e+01
-1.141516992945451214e+01
-1.183617331221728364e+01
-1.229601629463793344e+01
-1.287874067334584183e+01
-1.348738692269101058e+01
-1.393670405399096879e+01
-1.405550480467317698e+01
-1.376365779142843415e+01
-1.308533228580227181e+01
-1.212962079255273906e+01
-1.101535847834670534e+01
-9.822695717573473928e+00
-8.547108880944749743e+00
-7.185184178950157374e+00
-5.709372998454775860e+00
-4.179454286656031137e+00
-2.753896387975515392e+00
-1.472521428543306365e+00
-4.875740740170719789e-01
5.719438089547824317e-02
2.275141657231937453e-01
2.609776225159489149e-01
1.515973739086353134e-01
-2.525836558504138130e-01
-9.548958717439174348e-01
-1.860515744278134820e+00
-2.949838306536239241e+00
-4.127267150521946704e+00
-5.357108984584248113e+00
-6.580211194187080892e+00
-7.757199514007590224e+00
-8.834557003854328627e+00
-9.793258479432020991e+00
-1.061148927011965526e+01
-1.129353754716245639e+01
-1.180015587473555705e+01
-1.229327689847868399e+01
-1.290597294115676874e+01
-1.358690462076924454e+01
-1.415839530129878732e+01
-1.443878958914718247e+01
-1.430920655993806356e+01
-1.376916982702560865e+01
-1.289874327821289413e+01
-1.182879987917279685e+01
-1.064725764880786230e+01
-9.385841050231430671e+00
-8.009990645334907455e+00
-6.530222979878643308e+00
-4.939809742835884698e+00
-3.414626535610044478e+00
-2.074204561564465532e+00
-9.910508121101836432e-01
-3.129198659997592391e-01
-5.402031851726362549e-02
1.648634943130864242e-02
-4.076073630766671729e-02
-3.992841055402965855e-01
-1.063096086536155838e+00
-1.939822512790721598e+00
-3.004627467298764287e+00
-4.166269534409745567e+00
-5.382673288375972476e+00
-6.598309425874124834e+00
-7.769750136376400107e+00
-8.845285993516613487e+00
-9.802679404451181355e+00
-1.062039549054101961e+01
-1.130347042085583809e+01
-1.181033223280868150e+01
-1.228787531521241583e+01
-1.288373293729210722e+01
-1.355588602890741434e+01
-1.413392151921427775e+01
-1.443197208960189748e+01
-1.432631918519410696e+01
-1.380774871191335684e+01
-1.295281318380347813e+01
-1.189109796166241928e+01
-1.071499723818490324e+01
-9.460741115343520136e+00
-8.095217692178430013e+00
-6.627389841969706374e+00
-5.045935034309153799e+00
-3.516978576399691470e+00
-2.165332617088162159e+00
-1.059815902956660283e+00
-3.517360099411081520e-01
-7.146379031953904726e-02
4.419303187458319994e-03
-4.042136617899197426e-02
-3.788323991872467045e-01
-1.028225704302223154e+00
-1.893225260128401199e+00
-2.949354918807750803e+00
-4.107219914925397397e+00
-5.321577752831945674e+00
-6.538669390671466353e+00
-7.713876309483309157e+00
-8.795614205758175430e+00
-9.760302898800071958e+00
-1.058535863274487099e+01
-1.127715969221775438e+01
-1.179217759079004502e+01
-1.226440817859398535e+01
-1.285211550153383619e+01
-1.352269759929384030e+01
-1.411138591989567637e+01
-1.442981345015280858e+01
-1.434922599752154504e+01
-1.385341558091393743e+01
-1.301475802747629018e+01
-1.196210626430830715e+01
-1.079093011869513141e+01
-9.542366199736912691e+00
-8.183590340574454558e+00
-6.722993331153381824e+00
-5.146020781727397519e+00
-3.608799498908407788e+00
-2.245626477248694464e+00
-1.120824874277366545e+00
-3.851248022131744664e-01
-8.352399071116853313e-02
-1.710255505902141294e-03
-3.422063884745670664e-02
-3.491162675496254919e-01
-9.812197382142283653e-01
-1.832324349062436797e+00
-2.877734752155928888e+00
-4.031006736418929925e+00
-5.242797233588798456e+00
-6.461545008320785932e+00
-7.641252461209665725e+00
-8.730527252432096930e+00
-9.704078082321681009e+00
-1.053808392777514946e+01
-1.124015549372639633e+01
-1.176581696245471242e+01
-1.223066565986380461e+01
-1.280570936457088926e+01
-1.347198067027855650e+01
-1.407279151450443422e+01
-1.441713636491430783e+01
-1.436960929204877679e+01
-1.390451930566565686e+01
-1.308836068415374143e+01
-1.204848604607741969e+01
-1.088445990977536759e+01
-9.643730788617355998e+00
-8.294998908522989822e+00
-6.845102837865058909e+00
-5.276455879229700052e+00
-3.730691223576298121e+00
-2.353231854044170568e+00
-1.203679517336211591e+00
-4.316266521053748195e-01
-1.003353118108417236e-01
-1.000576786676780731e-02
-2.831362899692003304e-02
-3.146548726332493162e-01
-9.246960338988892136e-01
-1.758918588672058636e+00
-2.790533376106829611e+00
-3.938004783679966536e+00
-5.146283582112054944e+00
-6.366871064662069202e+00
-7.551685419740642224e+00
-8.650212075228463249e+00
-9.634476920461130689e+00
-1.048010755850185838e+01
-1.119444103251617229e+01
-1.173447924717517665e+01
-1.219478014670679400e+01
-1.275797882708058673e+01
-1.342025144032402473e+01
-1.403443208266126696e+01
-1.440716468075271273e+01
-1.439640439127739846e+01
-1.396583800012843035e+01
-1.317556646996098024e+01
-1.215032749405363788e+01
-1.099424598125961516e+01
-9.761045224906739648e+00
-8.422344810044371854e+00
-6.982147258869198403e+00
-5.422157522430750554e+00
-3.866081659848194185e+00
-2.472729689016578636e+00
-1.297629986544566405e+00
-4.866915351289734515e-01
-1.210672199110707226e-01
-2.008006639411258690e-02
-2.429366424920455930e-02
-2.792880133553965472e-01
-8.633930872661070843e-01
-1.678841119691278694e+00
-2.694115365611411406e+00
-3.834901831231570579e+00
-5.038934971199949153e+00
-6.261568722066217951e+00
-7.451978539479282126e+00
-8.561340624671753829e+00
-9.558002847252778267e+00
-1.041794600155908768e+01
-1.114646406448900251e+01
-1.170443095883095630e+01
-1.216443503638343593e+01
-1.271839795502535431e+01
-1.337801127867662210e+01
-1.400662762120891713e+01
-1.440892306294152370e+01
-1.443688381800784803e+01
-1.404293486836144034e+01
-1.328086279679819270e+01
-1.227150152253560300e+01
-1.112391933982759795e+01
-9.897309122105633961e+00
-8.567980190011812880e+00
-7.135386992640921022e+00
-5.583678136063750408e+00
-4.016003966028506511e+00
-2.605792658619200175e+00
-1.406560680070080060e+00
-5.576765380933725869e-01
-1.558385853980275848e-01
-4.242152992413074364e-02
-3.413563327182248669e-02
-2.603556265434333050e-01
-8.189619096895539574e-01
-1.616781554179469671e+00
-2.615994773633900206e+00
-3.750012828244912999e+00
-4.949586080760647988e+00
-6.173646632306219573e+00
-7.368649972623529720e+00
-8.487756868935678156e+00
-9.495509767540022850e+00
-1.036886102689885369e+01
-1.111005488162811439e+01
-1.168464008853404401e+01
-1.214713670984458282e+01
-1.269512269847028740e+01
-1.335275588334839547e+01
-1.399268389812296931e+01
-1.441814828652769975e+01
-1.447708705177392474e+01
-1.411239709356266481e+01
-1.337322368248217153e+01
-1.237628252589665401e+01
-1.123510995961034631e+01
-1.001232881658527951e+01
-8.689303120526213675e+00
-7.259839916245716118e+00
-5.712194919565187767e+00
-4.130994554387607209e+00
-2.701571525581177191e+00
-1.478615050702872802e+00
-5.937068271426035881e-01
-1.544000929392600197e-01
-2.287262890985404876e-02
1.700021644418990736e-03
-1.911815463125685899e-01
-7.173586404420817519e-01
-1.492546311941339354e+00
-2.470781432555647861e+00
-3.594889853289794157e+00
-4.788665969359831465e+00
-6.014913655075591947e+00
-7.217781434430781573e+00
-8.352949401492374193e+00
-9.381366063765479879e+00
-1.028154472071651604e+01
-1.105199067491176024e+01
-1.165772089174743797e+01
-1.215952314510874999e+01
-1.275442824102423245e+01
-1.345363886411567833e+01
-1.412634708308296894e+01
-1.457091030698056322e+01
-1.463956171812165685e+01
-1.427467568311551815e+01
-1.353014563217563726e+01
-1.251959196974395283e+01
-1.135873294775772457e+01
-1.010619802564711911e+01
-8.746896905773981601e+00
-7.269686044430386573e+00
-5.678327718011106029e+00
-4.050246598044190627e+00
-2.592137251185669733e+00
-1.365111115571060241e+00
-4.830808150475989771e-01
-3.933317108387354710e-02
8.978407507512395358e-02
1.039629464128226100e-01
-3.529361135992038073e-02
-4.544663368377973578e-01
-1.175295120014480554e+00
-2.094621349999967297e+00
-3.199728575332598801e+00
-4.390470637342368754e+00
-5.632026382552139054e+00
-6.858996262729230686e+00
-8.028158864112295845e+00
-9.073989377373067100e+00
-9.965529006874854545e+00
-1.066059990337072705e+01
-1.114942664877537659e+01
-1.140945173859500272e+01
-1.144487782196790171e+01
-1.124520754462748329e+01
-1.082451435923386285e+01
-1.018339194678228310e+01
-9.348610623905276640e+00
-8.336445124538798268e+00
-7.192133812423339378e+00
-5.951182868000692849e+00
-4.676012488522760968e+00
-3.407771961552384710e+00
-2.199065554769797703e+00
-1.078396603818945643e+00
-1.255707085628604280e-01
6.632138515177249394e-01
1.206665669853404621e+00
1.565398701617908062e+00
1.889733174029511353e+00
2.190627976649384134e+00
2.438606043727185924e+00
2.642386587201213555e+00
2.808258106278750166e+00
2.944502458646979459e+00
3.054516638192552147e+00
3.145083860993350910e+00
3.217570205781371762e+00
3.277626735383159406e+00
3.325189095817118190e+00
3.365077351697882246e+00
3.396235245964704941e+00
3.422893986701493141e+00
3.443327068044948369e+00
3.461358495662343326e+00
3.474815704514305992e+00
3.487243093553350715e+00
3.496177772988194210e+00
3.504972913315347327e+00
3.510982126064722042e+00
3.517426808049513909e+00
3.521549512097447376e+00
3.526476329313576574e+00
3.529384457108332818e+00
3.533330098025729615e+00
3.535458055836753211e+00
3.538769823741562348e+00
3.540398699558316320e+00
3.543300741702430479e+00
3.544611923867603931e+00
3.547248625760989427e+00
3.548358317380259752e+00
3.550821611196232741e+00
3.551804679982986102e+00
3.554154224494878722e+00
3.555058647486284418e+00
3.557332326325000071e+00
3.558188918841440618e+00
3.560411212731874553e+00
3.561239574440347333e+00
3.563425970078524685e+00
3.564238763521701880e+00
3.566399332330190575e+00
3.567204406283559059e+00
3.569345429681110904e+00
3.570148035094964811e+00
3.572273791783662666e+00
3.573077057155833458e+00
3.575190117378471921e+00
3.575996164042101189e+00
3.578098362365139007e+00
3.578908342362187689e+00
3.581000696555850737e+00
3.581815435076249443e+00
3.583898861902378830e+00
3.584718763225260396e+00
3.586793729166423361e+00
3.587619168120798729e+00
3.589686148029670232e+00
3.590517088444218796e+00
3.592576211174391965e+00
3.593412812346874929e+00
3.595464519115503244e+00
3.596306788877221550e+00
3.598351453697812730e+00
3.599199688372343608e+00
3.601237296182638659e+00
3.602090978825138734e+00
3.604121521306909770e+00
3.604980675141823632e+00
3.607004440050086913e+00
3.607869030889548689e+00
3.609886120810243515e+00
3.610756078782413336e+00
3.612766656652222519e+00
3.613641808988506732e+00
3.615645903293905672e+00
3.616526225985711385e+00
3.618524063910121491e+00
3.619409499867535018e+00
3.621401168847830032e+00
3.622291661009392705e+00
3.624277347871875055e+00
3.625172803561857560e+00
3.627152560451683883e+00
3.628052945535155782e+00
3.630026952896405756e+00
3.630932128026371331e+00
3.632900457691614182e+00
3.633810427236076279e+00
3.635773255680139204e+00
3.636687962688732512e+00
3.638645360757170266e+00
3.639564694509236364e+00
3.641516742759114855e+00
3.642440623526250310e+00
3.644387460082586738e+00
3.645315942481509808e+00
3.647257782851319519e+00
3.648190758403003109e+00
3.650127556499774162e+00
3.651064930147291943e+00
3.652996816861475704e+00
3.653938526188801550e+00
3.655865597683992885e+00
3.656811718298298430e+00
3.658734182011996516e+00
3.659684553752083680e+00
3.661602354808246584e+00
3.662556950988645532e+00
3.664470256564496431e+00
3.665429015796041856e+00
3.667337843509096640e+00
3.668300754124444119e+00
3.670205270297465461e+00
3.671172253949253506e+00
3.673072510091684340e+00
3.674043587155104262e+00
3.675939690096579948e+00
3.676914734093888804e+00
3.678806684997325771e+00
3.679785688500399221e+00
3.681673669153316286e+00
3.682656590821596687e+00
3.684540568905659619e+00
3.685527397208090417e+00
3.687407533695815864e+00
3.688398165548836705e+00
3.690274429895451735e+00
3.691268853832101016e+00
3.693141404046874854e+00
3.694139580520833022e+00
3.696008456539583431e+00
3.697010398482066584e+00
3.698875667596683847e+00
3.699881236916128469e+00
3.701742860691041415e+00
3.702752040316892312e+00
3.704610188438073326e+00
3.705623031015746527e+00
3.707477746909496830e+00
3.708494158141979913e+00
3.710345454474825999e+00
3.711365339265606966e+00
3.713213254961562626e+00
3.714236656594462449e+00
3.716081288373124458e+00
3.717108125025607279e+00
3.718949462516597304e+00
3.719979701253176341e+00
3.721817863865086728e+00
3.722851534726458578e+00
3.724686534070017707e+00
3.725723540357898766e+00
3.727555411854704293e+00
3.728595683095885516e+00
3.730424456613628870e+00
3.731468037391788339e+00
3.733293779456614114e+00
3.734340605090225473e+00
3.736163328610398793e+00
3.737213342377569525e+00
3.739033108537430206e+00
3.740086285634201868e+00
3.741903116742239188e+00
3.742959472262343823e+00
3.744773460150989663e+00
3.745832945174288220e+00
3.747644035924825978e+00
3.748706581436944241e+00
3.750514838261024053e+00
3.751580403415051723e+00
3.753385841376371435e+00
3.754454489603246792e+00
3.756257218953003019e+00
3.757328836990034837e+00
3.759128789766388312e+00
3.760203358856597511e+00
3.762000626922360702e+00
3.763078141504461627e+00
3.764872695918489054e+00
3.765953103796770396e+00
3.767745005137778325e+00
3.768828250474357322e+00
3.770617511271909805e+00
3.771703664418228907e+00
3.773490393640503981e+00
3.774579365019584021e+00
3.776363478648611327e+00
3.777455206735051529e+00
3.779236763727222392e+00
3.780331260531077042e+00
3.782110251453941085e+00
3.783207506416353727e+00
3.784984032622899619e+00
3.786083968053871374e+00
3.787857949792031498e+00
3.788960565996787988e+00
3.790732117155468650e+00
3.791837411463489627e+00
3.793606529243663150e+00
3.794714493594184113e+00
3.796481189169825576e+00
3.797591727734201505e+00
3.799355960303420154e+00
3.800469060704374957e+00
3.802230905180590703e+00
3.803346609751163232e+00
3.805106098108437251e+00
3.806224347147204590e+00
3.807981496365798524e+00
3.809102247328472579e+00
3.810857024623489409e+00
3.811980287743697904e+00
3.813732731865503656e+00
3.814858446996042041e+00
3.816608558888697988e+00
3.817736710938628431e+00
3.819484553726979481e+00
3.820615170645452086e+00
3.822360752116909843e+00
3.823493785479982865e+00
3.825237102903472408e+00
3.826372501198506360e+00
3.828113541719044832e+00
3.829251330150069244e+00
3.830990163251909664e+00
3.832130301187222088e+00
3.833866890052656462e+00
3.835009320061684157e+00
3.836743686201944836e+00
3.837888430604426748e+00
3.839620625440399060e+00
3.840767712851961946e+00
3.842497758450678091e+00
3.843647125701648903e+00
3.845374940989565893e+00
3.846526530408645339e+00
3.848252182668784549e+00
3.849405998325503120e+00
3.851129490609392469e+00
3.852285570769322653e+00
3.854006969675295657e+00
3.855165259799513855e+00
3.856884514126892149e+00
3.858044984124392673e+00
3.859762119624166488e+00
3.860924770281076057e+00
3.862639778624079590e+00
3.863804576567986260e+00
3.865517496971406342e+00
3.866684417437134869e+00
3.868395230871926938e+00
3.869564304299739632e+00
3.871273097529877916e+00
3.872444288637308940e+00
3.874150966055815992e+00
3.875324229547864707e+00
3.877028839276996486e+00
3.878204194272656391e+00
3.879906770940277916e+00
3.881084223796146038e+00
3.882784772317291466e+00
3.883964241733610656e+00
3.885662710755625415e+00
3.886844223869166282e+00
3.888540717555312387e+00
3.889724305207153066e+00
3.891418766243489369e+00
3.892604372298298809e+00
3.894296815665903022e+00
3.895484393509652588e+00
3.897174810565121383e+00
3.898364373009080008e+00
3.900052812674009939e+00
3.901244376804392289e+00
3.902930822232708596e+00
3.904124366132152080e+00
3.905808860760989987e+00
3.907004364789878004e+00
3.908686875926075999e+00
3.909884335940573052e+00
3.911564875967447730e+00
3.912764247858367739e+00
3.914442796794669999e+00
3.915644075645242861e+00
3.917320694499375033e+00
3.918523924543593662e+00
3.920198616103819589e+00
3.921403760097482483e+00
3.923076497380920014e+00
3.924283513681042113e+00
3.925954300673888842e+00
3.927163213720608059e+00
3.928832099512933773e+00
3.930042894439183421e+00
3.931709828382812244e+00
3.932922462209670567e+00
3.934587483200347346e+00
3.935802006755017679e+00
3.937465132470087337e+00
3.938681527506423752e+00
3.940342740202552374e+00
3.941560958619097388e+00
3.943220240136458443e+00
3.944440278188819260e+00
3.946097687481927352e+00
3.947319553463194186e+00
3.948975045696475838e+00
3.950198744615138757e+00
3.951852371591509705e+00
3.953077887500746179e+00
3.954729634435121266e+00
3.955956948598923884e+00
3.957606818325712261e+00
3.958835944559444098e+00
3.960483917601232751e+00
3.961714815305520609e+00
3.963360918390694376e+00
3.964593579823368241e+00
3.966237817998663040e+00
3.967472294688038303e+00
3.969114721648090427e+00
3.970350974621128515e+00
3.971991494730485961e+00
3.973229487669965643e+00
3.974868158292760079e+00
3.976107923383576104e+00
3.977744748767690908e+00
3.978986280608402648e+00
3.980621260912517556e+00
3.981864511166649301e+00
3.983497629539826779e+00
3.984742652028177012e+00
3.986373978953628772e+00
3.987620760569791312e+00
3.989250223234513726e+00
3.990498719666440763e+00
3.992126343805191269e+00
3.993376545846615056e+00
3.995002324989705311e+00
3.996254263612291080e+00
3.997878240262395355e+00
3.999131915723316055e+00
4.000754069776163213e+00
4.002009470752655673e+00
4.003629841054896055e+00
4.004886962478402701e+00
4.006505486335034227e+00
4.007764310535868013e+00
4.009381006688228943e+00
4.010641498486719136e+00
4.012256370714530895e+00
4.013518571855120953e+00
4.015131690542777854e+00
4.016395648244670546e+00
4.018006961189982462e+00
4.019272594602204762e+00
4.020882071176735906e+00
4.022149376026962209e+00
4.023757049654861362e+00
4.025026079375590982e+00
4.026631994594391806e+00
4.027902698033802409e+00
4.029506777811180385e+00
4.030779137555086322e+00
4.032381432698367796e+00
4.033655522258611015e+00
4.035256051555989210e+00
4.036531835799357815e+00
4.038130576015728224e+00
4.039408029439496062e+00
4.041004958674843550e+00
4.042284073362986341e+00
4.043879229906511164e+00
4.045160010226267033e+00
4.046753367288646430e+00
4.048035832125764344e+00
4.049627431406840117e+00
4.050911600515330058e+00
4.052501451932638332e+00
4.053787306130955059e+00
4.055375382985589638e+00
4.056662898118437610e+00
4.058249165114774293e+00
4.059538313737812487e+00
4.061122820964218505e+00
4.062413665755642000e+00
4.063996426514044913e+00
4.065288994060972882e+00
4.066870018581615120e+00
4.068164247067204364e+00
4.069743453869947736e+00
4.071039338401979180e+00
4.072616796247118032e+00
4.073914364957951229e+00
4.075490077925034704e+00
4.076789312703160029e+00
4.078363248577951516e+00
4.079664137993107786e+00
4.081236300524705207e+00
4.082538891232986522e+00
4.084109357963610520e+00
4.085413646030781720e+00
4.086982327020346695e+00
4.088288264957934182e+00
4.089855191554513603e+00
4.091162769376927244e+00
4.092727933073680546e+00
4.094037195075538094e+00
4.095600627152707673e+00
4.096911569407674314e+00
4.098473229531301776e+00
4.099785862838559503e+00
4.101345828214375544e+00
4.102660145157968508e+00
4.104218336248541377e+00
4.105534303317777578e+00
4.107090736639722905e+00
4.108408376121110095e+00
4.109963067392291336e+00
4.111282417436857628e+00
4.112835403904808729e+00
4.114156458780643177e+00
4.115707694268558647e+00
4.117030407180677365e+00
4.118579891330468534e+00
4.119904297788367309e+00
4.121452054016284450e+00
4.122778131317343941e+00
4.124324169077187463e+00
4.125651921325069083e+00
4.127196167378541780e+00
4.128525581642968234e+00
4.130068107843367642e+00
4.131399248435903004e+00
4.132940081530520615e+00
4.134272926216909561e+00
4.135812021026892715e+00
4.137146525990937462e+00
4.138683867089461899e+00
4.140020047133316616e+00
4.141555674728819803e+00
4.142893556678663991e+00
4.144427444001824057e+00
4.145766994216319112e+00
4.147299130208038420e+00
4.148640378765971803e+00
4.150170836084357440e+00
4.151513799627465140e+00
4.153042527605243173e+00
4.154387149995347528e+00
4.155914109405816070e+00
4.157260395897899308e+00
4.158785648311111416e+00
4.160133656600885743e+00
4.161657207427570171e+00
4.163006934231892053e+00
4.164528762091666891e+00
4.165880155048246714e+00
4.167400222575208701e+00
4.168753279413177637e+00
4.170271642990677208e+00
4.171626385881787691e+00
4.173143043439687006e+00
4.174499481296962244e+00
4.176014390015155620e+00
4.177372470594391984e+00
4.178885628240972316e+00
4.180245382152881994e+00
4.181756876188750027e+00
4.183118338060816122e+00
4.184628098665990059e+00
4.185991199411684072e+00
4.187499240754791074e+00
4.188864006699340337e+00
4.190370329205625133e+00
4.191736754004930177e+00
4.193241357964565985e+00
4.194609415146353548e+00
4.196112273011145533e+00
4.197481999814653086e+00
4.198983234547639221e+00
4.200354653044877651e+00
4.201854144726858031e+00
4.203227135631146361e+00
4.204724886486788549e+00
4.206099515136648925e+00
4.207595592063854362e+00
4.208971885590173656e+00
4.210466299275243962e+00
4.211844240070833578e+00
4.213336932101232613e+00
4.214716422147378516e+00
4.216207416065921088e+00
4.217588514709079917e+00
4.219077830707604448e+00
4.220460510929566311e+00
4.221948169881527768e+00
4.223332456668020818e+00
4.224818422742257162e+00
4.226204242662152666e+00
4.227688535326111108e+00
4.229075903005520942e+00
4.230558549675903279e+00
4.231947471266909844e+00
4.233428487467847390e+00
4.234818924047985433e+00
4.236298288217499319e+00
4.237690201655365030e+00
4.239167935275885313e+00
4.240561335969565526e+00
4.242037447631753722e+00
4.243432296369896051e+00
4.244906775899322859e+00
4.246303094667864819e+00
4.247776052330867635e+00
4.249173813636302199e+00
4.250645191676127865e+00
4.252044304521458429e+00
4.253514068785052338e+00
4.254914526687135101e+00
4.256382788454947885e+00
4.257784654541927338e+00
4.259251459709721743e+00
4.260654671104652458e+00
4.262119977527013326e+00
4.263524386212048434e+00
4.264988180884478730e+00
4.266393824916163702e+00
4.267856219209148705e+00
4.269263094037916595e+00
4.270724104377968011e+00
4.272132142284219114e+00
4.273591783642934239e+00
4.275000932155937683e+00
4.276459262464531008e+00
4.277869462424722435e+00
4.279326522080486583e+00
4.280737734132448402e+00
4.282193558990260662e+00
4.283605714413819321e+00
4.285060381948715857e+00
4.286473440211215014e+00
4.287926968347117729e+00
4.289340797180399179e+00
4.290793236203489514e+00
4.292207815887447708e+00
4.293659247245816601e+00
4.295074449907360759e+00
4.296524994366979655e+00
4.297940749065329413e+00
4.299390365237864664e+00
4.300806423691666325e+00
4.302255119688020990e+00
4.303671384444287540e+00
4.305119516923072709e+00
4.306536094234861167e+00
4.307983454716649341e+00
4.309399737266129016e+00
4.310846092418471720e+00
4.312261416030104044e+00
4.313706403570972903e+00
4.315120218670347896e+00
4.316563421999826566e+00
4.317974670404340465e+00
4.319415128669201742e+00
4.320822210277621700e+00
4.322258265675989364e+00
4.323658540938923878e+00
4.325087426208454211e+00
4.326476976581788314e+00
4.327894139738003076e+00
4.329266385903021153e+00
4.330664048090624441e+00
4.332008584687778274e+00
4.333374084019096628e+00
4.334673806555468190e+00
4.335986016870955417e+00
4.337213148900260329e+00
4.338437264109913372e+00
4.339546075180955143e+00
4.340624494487084206e+00
4.341540288483124677e+00
4.342378198487273799e+00
4.342977512192673473e+00
4.343417360039947717e+00
4.343496513434288886e+00
4.343277998273889828e+00
4.342500618600694473e+00
4.341192858197829629e+00
4.339002092541979216e+00
4.335888912864912292e+00
4.331358805859045091e+00
4.325249269456163503e+00
4.316842671209410121e+00
4.305757309766007346e+00
4.290914932533298476e+00
4.271550831391077274e+00
4.246003045781753471e+00
4.212855045714947622e+00
4.169498323928801931e+00
4.113423421563350502e+00
4.040486491574079686e+00
3.946375755514929917e+00
3.824502618342077831e+00
3.667715926468103405e+00
3.464919903224556563e+00
3.201677941779891956e+00
