-1.435988676590192803e+01
-1.557604798990122852e+01
-1.678714076488617479e+01
-1.784993688701074888e+01
-1.862041159141288560e+01
-1.899389918844262226e+01
-1.891799208916491182e+01
-1.841421166370978213e+01
-1.756315571587127167e+01
-1.649685288261787264e+01
-1.536025198807965708e+01
-1.429131571503181775e+01
-1.337662938925213219e+01
-1.264284951610497032e+01
-1.202978562173784916e+01
-1.142195840619684866e+01
-1.065812994162271821e+01
-9.669727097437165853e+00
-8.511075915382374291e+00
-7.237693991752047751e+00
-5.937548949226198580e+00
-4.720070075246110441e+00
-3.692059365257459813e+00
-2.938623927451899043e+00
-2.488438743785081897e+00
-2.317912519424299322e+00
-2.319449593539382626e+00
-2.386293553908712450e+00
-2.649338452744534500e+00
-3.197391554106797429e+00
-4.048980789528085822e+00
-5.164382516469244067e+00
-6.454161357983535297e+00
-7.810215176868415377e+00
-9.123669756211693738e+00
-1.031498255308433443e+01
-1.131380508543542263e+01
-1.209028973721521183e+01
-1.276775436472949110e+01
-1.348555376141492701e+01
-1.433952144324344857e+01
-1.535585691499643168e+01
-1.649057462167418109e+01
-1.764252925498110613e+01
-1.867750713299757948e+01
-1.945821217284358795e+01
-1.987351129025120500e+01
-1.986206636379278123e+01
-1.942584712044032003e+01
-1.863004703421188779e+01
-1.758808847403505737e+01
-1.643820614490516618e+01
-1.531333660904799210e+01
-1.431196662413175602e+01
-1.347423971155155620e+01
-1.276947207131272322e+01
-1.209801406852009542e+01
-1.131815716278456740e+01
-1.030995906679006247e+01
-9.116322419472536964e+00
-7.805064249324191294e+00
-6.458300596124759707e+00
-5.184030694813563933e+00
-4.090331999049981349e+00
-3.261808278609593881e+00
-2.735581188373890082e+00
-2.485514654742568386e+00
-2.430384218522216866e+00
-2.448191282452789164e+00
-2.607160707224978946e+00
-3.021758020709035542e+00
-3.732169687404105485e+00
-4.728636123766270849e+00
-5.939322705638445221e+00
-7.262925349876948822e+00
-8.588809568371717162e+00
-9.820485425747333963e+00
-1.089606970185688617e+01
-1.175635336716683099e+01
-1.242217649344084762e+01
-1.304752182305352193e+01
-1.376147309780665040e+01
-1.464513653425912842e+01
-1.569488803969857393e+01
-1.684315647098886259e+01
-1.796431096452826637e+01
-1.891639599526639515e+01
-1.956147077145075386e+01
-1.980529259817048882e+01
-1.960764812596110573e+01
-1.900156555287257021e+01
-1.807575877080700977e+01
-1.696522170720765388e+01
-1.581238492694209619e+01
-1.474659363208838592e+01
-1.384204976785875729e+01
-1.311029803003213701e+01
-1.247811518054328772e+01
-1.182104744207332736e+01
-1.098304403785463990e+01
-9.923796677001964994e+00
-8.702027796357867828e+00
-7.376829881106568010e+00
-6.042264913785222014e+00
-4.807959607690857951e+00
-3.778203974955387956e+00
-3.028711517546860410e+00
-2.577401933150449853e+00
-2.387989993719184412e+00
-2.353958527037022463e+00
-2.387012050044727829e+00
-2.602278559870979446e+00
-3.087936405818406005e+00
-3.873350691237986698e+00
-4.925883151873007293e+00
-6.163818555091082452e+00
-7.477840961480376691e+00
-8.760540291933478940e+00
-9.921039364150493256e+00
-1.091004786734985998e+01
-1.169375142197761797e+01
-1.227589294017652577e+01
-1.280433248348662190e+01
-1.342958513861565883e+01
-1.424320997714211501e+01
-1.525285969485623561e+01
-1.638617118284330587e+01
-1.751209626728111246e+01
-1.847576471349142935e+01
-1.913151009326930918e+01
-1.937579582885057050e+01
-1.916814598144618031e+01
-1.854253762002314332e+01
-1.759739082441499747e+01
-1.647595335270441907e+01
-1.533333403503451997e+01
-1.430450256563212186e+01
-1.346769626471593106e+01
-1.282351060697662071e+01
-1.228627965478410111e+01
-1.171043485541653340e+01
-1.094053129196041851e+01
-9.959841134250645212e+00
-8.803461979635114787e+00
-7.515695136510272434e+00
-6.185248413551533986e+00
-4.917280968719061285e+00
-3.822734687621974992e+00
-2.985269207194495067e+00
-2.444079070904901840e+00
-2.171956418994520188e+00
-2.094759664949932265e+00
-2.107307463149346916e+00
-2.217518856138933625e+00
-2.534858835768530216e+00
-3.128590330149704446e+00
-4.019132345649846449e+00
-5.160899088475970231e+00
-6.465862819789149007e+00
-7.823200457327653901e+00
-9.128327680920572007e+00
-1.030008426498028484e+01
-1.128610162333013989e+01
-1.203946613153083511e+01
-1.266825940433150066e+01
-1.332755566638001277e+01
-1.412572002047181741e+01
-1.510357010083023610e+01
-1.622297591156983998e+01
-1.738410464546148049e+01
-1.844821774068102016e+01
-1.927091254081545912e+01
-1.973232891324715510e+01
-1.976280513969020802e+01
-1.935879959074809165e+01
-1.858307867816610681e+01
-1.755148650462603754e+01
-1.640686963470045612e+01
-1.529044633948244325e+01
-1.430740072698817222e+01
-1.350368553958647588e+01
-1.284746355245244942e+01
-1.223721593915478323e+01
-1.152263223454794705e+01
-1.058453450880386626e+01
-9.457519958201709542e+00
-8.199292669693043933e+00
-6.885218041466993455e+00
-5.622947754957813515e+00
-4.521870352467662890e+00
-3.678903254522142952e+00
-3.142029455578406960e+00
-2.906047700094851916e+00
-2.865395747580399721e+00
-2.922728855819743288e+00
-3.195268642456928987e+00
-3.773141149709542397e+00
-4.654472705615686046e+00
-5.783630223006706927e+00
-7.060509750384936112e+00
-8.375472414713170721e+00
-9.622655782247742096e+00
-1.073287454831797483e+01
-1.164367221648453921e+01
-1.233835508811066362e+01
-1.295753235789253210e+01
-1.364130195481164876e+01
-1.448328684036825820e+01
-1.549941487030466902e+01
-1.663523322370363289e+01
-1.777676942029594187e+01
-1.878308673193121692e+01
-1.951298460562916404e+01
-1.985973064640754515e+01
-1.976899438432743139e+01
-1.925632528823230061e+01
-1.839819971616155314e+01
-1.732070966528337408e+01
-1.616674418500925370e+01
-1.507212862259061481e+01
-1.412638086718780706e+01
-1.335928874860609561e+01
-1.271778992962621935e+01
-1.209013281275721852e+01
-1.131818205664182031e+01
-1.031887836067015307e+01
-9.150486056716275129e+00
-7.869161518644018471e+00
-6.563554162198824926e+00
-5.342627283930702298e+00
-4.315778056815400276e+00
-3.568096064320179561e+00
-3.133975606908951050e+00
-2.981387480279994229e+00
-2.979569233010060270e+00
-3.107630270488010993e+00
-3.502109901974341355e+00
-4.210191038662075336e+00
-5.209547312322867718e+00
-6.420071383694459399e+00
-7.738006287849776399e+00
-9.049715670710940074e+00
-1.026722062399077373e+01
-1.131433147680192874e+01
-1.213595628673527571e+01
-1.283379235566458476e+01
-1.355019962695465807e+01
-1.438421968038194265e+01
-1.537602079012000189e+01
-1.649174274158666975e+01
-1.764445062201922099e+01
-1.870555461645062678e+01
-1.954162695591234566e+01
-2.003505420442989760e+01
-2.011652081261463110e+01
-1.977237964981197038e+01
-1.905573706336489792e+01
-1.806634721209736938e+01
-1.693810829665260798e+01
-1.580169257288521578e+01
-1.476563025875629265e+01
-1.388102997654215542e+01
-1.314009198341981666e+01
-1.245767652588696883e+01
-1.171055581867404349e+01
-1.075781715975517372e+01
-9.608020434908977947e+00
-8.342485375544670845e+00
-7.039339860297877394e+00
-5.807030632578490170e+00
-4.756902184327977956e+00
-3.978773274405535521e+00
-3.523356280442946353e+00
-3.347445236394893886e+00
-3.354877527323600006e+00
-3.547467609398813337e+00
-4.020818739546414555e+00
-4.818439922127316422e+00
-5.887066040452415550e+00
-7.139156206664327264e+00
-8.460926379364453354e+00
-9.748791090177846286e+00
-1.091112861681816604e+01
-1.186972489423090948e+01
-1.266671830416814437e+01
-1.343335128939496137e+01
-1.426965913852686896e+01
-1.523393817885517798e+01
-1.631443102982759896e+01
-1.745077515690056202e+01
-1.853511584968649473e+01
-1.944582667216080551e+01
-2.006347132183675441e+01
-2.030556080395981766e+01
-2.013454491204569763e+01
-1.957518251341821980e+01
-1.870014155541286272e+01
-1.762354616920183048e+01
-1.646789642219051686e+01
-1.534740887778437290e+01
-1.433406419257199005e+01
-1.345273703074063043e+01
-1.265959477374032005e+01
-1.186126904460279263e+01
-1.092641613606483908e+01
-9.773159208335473025e+00
-8.473818824386508908e+00
-7.118980595085223406e+00
-5.803419615507776186e+00
-4.641274670784222955e+00
-3.722677840245993686e+00
-3.108341468349579806e+00
-2.777063279088811676e+00
-2.683369084180031283e+00
-2.734287880220971356e+00
-2.928060854272450442e+00
-3.372182666836321285e+00
-4.092743063934935144e+00
-5.073051160100318313e+00
-6.241842868881517070e+00
-7.505166401445581670e+00
-8.761181719409886881e+00
-9.927385202220339266e+00
-1.094446413657113659e+01
-1.175885597922988168e+01
-1.242965423916861312e+01
-1.310156562042748973e+01
-1.388227791214623785e+01
-1.482410313601048202e+01
-1.590017589212264504e+01
-1.702796391936100662e+01
-1.808027436218872452e+01
-1.892240495594609939e+01
-1.943345588601908602e+01
-1.953974866091329687e+01
-1.922311549393845098e+01
-1.853222527216805204e+01
-1.756431078430890125e+01
-1.645164057526261558e+01
-1.532466768806026636e+01
-1.429046715189975814e+01
-1.339686795244248074e+01
-1.263277986179600454e+01
-1.191506198342032974e+01
-1.114414212466175869e+01
-1.021442478649245622e+01
-9.068288526302463737e+00
-7.771745101224253105e+00
-6.400544508425897838e+00
-5.054003792529679906e+00
-3.842295803959850264e+00
-2.864130134935104266e+00
-2.179903659225505663e+00
-1.794107567861343178e+00
-1.633492647203497850e+00
-1.572128887704655531e+00
-1.671281889452093772e+00
-2.044237491814992591e+00
-2.711216102817201712e+00
-3.633774083169106106e+00
-4.719472336800325074e+00
-5.855011108466066538e+00
-6.923631909096075177e+00
-7.831124071621961669e+00
-8.515342762750108818e+00
-8.957364943303232963e+00
-9.176058328613507342e+00
-9.220906458682881279e+00
-9.152709087354676143e+00
-9.028656575160793452e+00
-8.883693698631455860e+00
-8.721687198109052019e+00
-8.512223604412014311e+00
-8.202769446617219629e+00
-7.731782795167724487e+00
-7.048104924426279894e+00
-6.125409671244697485e+00
-4.975356017199130676e+00
-3.648493779716410312e+00
-2.230109382038302890e+00
-8.251213516599469333e-01
4.598882235184453271e-01
1.541956306583569969e+00
2.385354112757799960e+00
3.017370108274375795e+00
3.520907399090295709e+00
3.989395439625871731e+00
4.407315226332048752e+00
4.761094024374517453e+00
5.062312791812146884e+00
5.317061532554790304e+00
5.533116461167513656e+00
5.715547984083509725e+00
5.869929004182337984e+00
6.000127181516239361e+00
6.110167172886273868e+00
6.202894891732832150e+00
6.281206360552855195e+00
6.347156539349655624e+00
6.402826331942642391e+00
6.449687723190801414e+00
6.489238756710575373e+00
6.522529495859086701e+00
6.550638876950009681e+00
6.574310574527966189e+00
6.594318576138959997e+00
6.611183019953069007e+00
6.625456290502240719e+00
6.637498406009942009e+00
6.647703545360351463e+00
6.656320519197888252e+00
6.663632854908872361e+00
6.669813516197228509e+00
6.675068540420358687e+00
6.679518618570219779e+00
6.683313903478162565e+00
6.686537776108213649e+00
6.689299041758007824e+00
6.691654162379251147e+00
6.693681522476451207e+00
6.695418881245749354e+00
6.696922829620656437e+00
6.698218805195610415e+00
6.699348304646697727e+00
6.700328917237964532e+00
6.701191296126181030e+00
6.701947766417773344e+00
6.702620787935472890e+00
6.703218877968378564e+00
6.703758083278888336e+00
6.704244174385927124e+00
6.704688293907180352e+00
6.705094504614518947e+00
6.705470460100362295e+00
6.705819364770889024e+00
6.706146394056826665e+00
6.706454375976022675e+00
6.706746625579585341e+00
6.707025811552436600e+00
6.707293720983872554e+00
6.707552906511068613e+00
6.707803882961746567e+00
6.708049151090801132e+00
6.708288213556492074e+00
6.708523638403283584e+00
6.708754219536504415e+00
6.708982685253543465e+00
6.709207308446084816e+00
6.709431005360259270e+00
6.709651608124832300e+00
6.709872232849106055e+00
6.710090368825836649e+00
6.710309161747070483e+00
6.710525782984644749e+00
6.710743511831323893e+00
6.710959251243014734e+00
6.711176384232059533e+00
6.711391674326655732e+00
6.711608615624692575e+00
6.711823827064593573e+00
6.712040887082356022e+00
6.712256311533668196e+00
6.712473739020804686e+00
6.712689621160723874e+00
6.712907628752632583e+00
6.713124132740643901e+00
6.713342813355403393e+00
6.713560019056165729e+00
6.713779467501813869e+00
6.713997484148167771e+00
6.714217788818145571e+00
6.714436705870647337e+00
6.714657944208425988e+00
6.714877837325399668e+00
6.715100063903310712e+00
6.715320956660379537e+00
6.715544189053626489e+00
6.715766135623939981e+00
6.715990432236178975e+00
6.716213483362146519e+00
6.716438874985574792e+00
6.716663070032867999e+00
6.716889624205477638e+00
6.717115052362751193e+00
6.717342822287685422e+00
6.717569490987649772e+00
6.717798476534550645e+00
6.718026402843777944e+00
6.718256620547395030e+00
6.718485812744726893e+00
6.718717250444587563e+00
6.718947705897228673e+00
6.719180403569485982e+00
6.719412191633510112e+00
6.719646214461849176e+00
6.719879372634114389e+00
6.720114727727232840e+00
6.720349254948837725e+00
6.720585939756724692e+00
6.720821834951793861e+00
6.721059839009132730e+00
6.721297091058305639e+00
6.721536402129502541e+00
6.721774993995181191e+00
6.722015614498763725e+00
6.722255561716210970e+00
6.722497492719084811e+00
6.722738795569251913e+00
6.722982033558649206e+00
6.723224681294288629e+00
6.723469216725548314e+00
6.723713186214640203e+00
6.723958972512677157e+00
6.724204205126116385e+00
6.724451197364955668e+00
6.724697659814657946e+00
6.724945811711765309e+00
6.725193459442930788e+00
6.725442730920703660e+00
6.725691533427585966e+00
6.725941902865894662e+00
6.726191810136215921e+00
6.726443197400641338e+00
6.726694131966573842e+00
6.726946483227921547e+00
6.727198397750977499e+00
6.727451638594177830e+00
6.727704429913522688e+00
6.727958453422711926e+00
6.728212045686541742e+00
6.728466806996447502e+00
6.728721127270424596e+00
6.728976524002585613e+00
6.729231468491201795e+00
6.729487410419763727e+00
6.729742918942931418e+00
6.729999337969941209e+00
6.730255297229185807e+00
6.730512048856946983e+00
6.730768326739350549e+00
6.731025313841564994e+00
6.731281824113225731e+00
6.731538951878841992e+00
6.731795580526163114e+00
6.732052719135714014e+00
6.732309328419484373e+00
6.732566349778031700e+00
6.732822821730645835e+00
6.733079609617364625e+00
6.733335827962602771e+00
6.733592251107766380e+00
6.733848080258090896e+00
6.734104024952269008e+00
6.734359365062015712e+00
6.734614713195425040e+00
6.734869410007003232e+00
6.735123988639974080e+00
6.735377879007030444e+00
6.735631560338718238e+00
6.735884533030477961e+00
6.736137185633732649e+00
6.736389090464722784e+00
6.736640577886690018e+00
6.736891305420693143e+00
6.737141516965094112e+00
6.737390937179630335e+00
6.737639733826292776e+00
6.737887708967337019e+00
6.738134954482458916e+00
6.738381320447377476e+00
6.738626832007524214e+00
6.738871422772182207e+00
6.739115075272105848e+00
6.739357795533045703e+00
6.739599484040457611e+00
6.739840208368732100e+00
6.740079802434597589e+00
6.740318419740782829e+00
6.740555822656807194e+00
6.740792197676682918e+00
6.741027227073577599e+00
6.741261185953804080e+00
6.741493711707505554e+00
6.741725149327753464e+00
6.741955069243805276e+00
6.742183868770274202e+00
6.742411057212063241e+00
6.742637112888551165e+00
6.742861489008194376e+00
6.743084710306305851e+00
6.743306154397144425e+00
6.743526411826600508e+00
6.743744795606202658e+00
6.743961967586746376e+00
6.744177187525604467e+00
6.744391171463392176e+00
6.744603123180179516e+00
6.744813821269745269e+00
6.745022422632254155e+00
6.745229761953553727e+00
6.745434941743740254e+00
6.745638862119270662e+00
6.745840535776042479e+00
6.746040918420192156e+00
6.746238978368684691e+00
6.746435737276460287e+00
6.746630126618294199e+00
6.746823209295777168e+00
6.747013849775642669e+00
6.747203171922852682e+00
6.747389992386412239e+00
6.747575500760983225e+00
6.747758459789100272e+00
6.747940100791861795e+00
6.748119137450213856e+00
6.748296872836495375e+00
6.748471965279437157e+00
6.748645750243899677e+00
6.748816828710435978e+00
6.748986594616489754e+00
6.749153609824944944e+00
6.749319327933156920e+00
6.749482255627055949e+00
6.749643885939954124e+00
6.749802688863905331e+00
6.749960220819262169e+00
6.750114903730553451e+00
6.750268328739229773e+00
6.750418852679064941e+00
6.750568133222953904e+00
6.750714496225149297e+00
6.750859644625437639e+00
6.751001850281975969e+00
6.751142849221689168e+00
6.751280873985871622e+00
6.751417717961338383e+00
6.751551569571494049e+00
6.751684262938773884e+00
6.751813943687212216e+00
6.751942491923232481e+00
6.752068019512591945e+00
6.752192446754845534e+00
6.752313830866024880e+00
6.752434143092865604e+00
6.752551403568963551e+00
6.752667638947870365e+00
6.752780826204092257e+00
6.752893015884532169e+00
6.753002148811503957e+00
6.753110317463243639e+00
6.753215415872926286e+00
6.753319582651163167e+00
6.753420675724023603e+00
6.753520872597981395e+00
6.753617997102473680e+00
6.753714278551804284e+00
6.753807507211588401e+00
6.753899946199730664e+00
6.753989330784206047e+00
6.754077958863261344e+00
6.754163529761616047e+00
6.754248388619484622e+00
6.754330205783863228e+00
6.754411356869614913e+00
6.754489463190336274e+00
6.754566939941397230e+00
6.754641387906223038e+00
6.754715277324999434e+00
6.754786168605532382e+00
6.754856553114592543e+00
6.754923944394689350e+00
6.754990871078571324e+00
6.755054828535937084e+00
6.755118380141174050e+00
6.755178976740010555e+00
6.755239199422898189e+00
6.755296472584115364e+00
6.755353432833203442e+00
6.755407482958025511e+00
6.755461293980013160e+00
6.755512212418265605e+00
6.755562941729790438e+00
6.755610801221521022e+00
6.755658526515495588e+00
6.755703407388179649e+00
6.755748206559411884e+00
6.755790183246642044e+00
6.755832140055766821e+00
6.755871308763922833e+00
6.755910512247861099e+00
6.755946947231985078e+00
6.755983475925260606e+00
6.756017276235463775e+00
6.756051240163382765e+00
6.756082501828116094e+00
6.756113978260110287e+00
6.756142780593834551e+00
6.756171855958332806e+00
6.756198291082486485e+00
6.756225063049218882e+00
6.756249215299349409e+00
6.756273762619866119e+00
6.756295736498726612e+00
6.756318174738737525e+00
6.756338075121196773e+00
6.756358496252445001e+00
6.756376410961616230e+00
6.756394902355682852e+00
6.756410918257403253e+00
6.756427573782001872e+00
6.756441783095405107e+00
6.756456702101851342e+00
6.756469220149664778e+00
6.756482501160323118e+00
6.756493428780608212e+00
6.756505182521364006e+00
6.756514617982523951e+00
6.756524950531742846e+00
6.756532991670349375e+00
6.756541988521372666e+00
6.756548724968126862e+00
6.756556472861039886e+00
6.756561997505738937e+00
6.756568591451097561e+00
6.756573006748567423e+00
6.756578568820275521e+00
6.756582004130915031e+00
6.756586649375911691e+00
6.756589200415579199e+00
6.756593028066592233e+00
6.756594798761319964e+00
6.756597891505431441e+00
6.756598966035203269e+00
6.756601419299302691e+00
6.756601891686095485e+00
6.756603818877427337e+00
6.756603812442793178e+00
6.756605325195145895e+00
6.756604937117837828e+00
6.756606128241834597e+00
6.756605468578506191e+00
6.686515803615905362e+00
6.486429512201841163e+00
6.186149156313113906e+00
5.830860411028981005e+00
5.475573425975120756e+00
5.175291313820098438e+00
4.975206786056733499e+00
4.905115384746112639e+00
4.905116512801785511e+00
4.905116000018647782e+00
4.905117436981547563e+00
4.905117270639974159e+00
4.905119119286746709e+00
4.905119403848084758e+00
4.905121753987249811e+00
4.905122579412426020e+00
4.905125536397814123e+00
4.905127014078385805e+00
4.905130685665819890e+00
4.905132913074190526e+00
4.905137381411960540e+00
4.905140448327882652e+00
4.905145834185779208e+00
4.905149876678757792e+00
4.905156296771382429e+00
4.905161407664183848e+00
4.905168948501525072e+00
4.905175222230385046e+00
4.905183989763495234e+00
4.905191523923233099e+00
4.905201599871261031e+00
4.905210477839183625e+00
4.905221970562722689e+00
4.905232333214779139e+00
4.905245375133686636e+00
4.905257315582839617e+00
4.905271984008917840e+00
4.905285580574098248e+00
4.905301964119466618e+00
4.905317322986578965e+00
4.905335531634682056e+00
4.905352764894876039e+00
4.905372902048753758e+00
4.905392100088421081e+00
4.905414256907393522e+00
4.905435512875929938e+00
4.905459791910286249e+00
4.905483214849228446e+00
4.905509714627529050e+00
4.905535384201701987e+00
4.905564171923447070e+00
4.905592181216480441e+00
4.905623379872015022e+00
4.905653843234951239e+00
4.905687549985249696e+00
4.905720543583202975e+00
4.905756837991052777e+00
4.905792472839769935e+00
4.905831469846559045e+00
4.905869836490698965e+00
4.905911588152696901e+00
4.905952725592483965e+00
4.905997305300716427e+00
4.906041338004993868e+00
4.906088893870527379e+00
4.906135938255245854e+00
4.906186544816200978e+00
4.906236661701004031e+00
4.906290391574832377e+00
4.906343677033193629e+00
4.906400620061022622e+00
4.906457135534253666e+00
4.906517340368954372e+00
4.906577141874423731e+00
4.906640690597005694e+00
4.906703882754278823e+00
4.906770880467633766e+00
4.906837545557765523e+00
4.906908061515457220e+00
4.906978278795637749e+00
4.907052391037313832e+00
4.907126241817355350e+00
4.907204024827009015e+00
4.907281558391870746e+00
4.907363051631779882e+00
4.907444301055180702e+00
4.907529548839378641e+00
4.907614584977241456e+00
4.907703679086941939e+00
4.907792597562314008e+00
4.907885614413318720e+00
4.907978467538951506e+00
4.908075446094205319e+00
4.908172282210183646e+00
4.908273295760658073e+00
4.908374173359161041e+00
4.908479245124395263e+00
4.908584176376693087e+00
4.908693327713494980e+00
4.908802367317336213e+00
4.908915668915075692e+00
4.909028869157626040e+00
4.909146347640299446e+00
4.909263723001525470e+00
4.909385420720536075e+00
4.909507050436439535e+00
4.909633044481203967e+00
4.909758959469327166e+00
4.909889228406306039e+00
4.910019402877865424e+00
4.910153958198092639e+00
4.910288429218182316e+00
4.910427306992596996e+00
4.910566081799013993e+00
4.910709269654473630e+00
4.910852356054500767e+00
4.910999890199692963e+00
4.911147326567614435e+00
4.911299217519466076e+00
4.911450983880134125e+00
4.911607212410034506e+00
4.911763315344782832e+00
4.911923899055246068e+00
4.912084330371921048e+00
4.912249239961839820e+00
4.912413960890309461e+00
4.912583164463299568e+00
4.912752167494521593e+00
4.912925656492029169e+00
4.913098921457570434e+00
4.913276683278840373e+00
4.913454186556371894e+00
4.913636181068851805e+00
4.913817879474953187e+00
4.914004070559737869e+00
4.914189939845563515e+00
4.914380303833044472e+00
4.914570301625856175e+00
4.914764773174014501e+00
4.914958833472786282e+00
4.915157363582553174e+00
4.915355435347303015e+00
4.915557958607711164e+00
4.915759965267215037e+00
4.915966414191462519e+00
4.916172307015308718e+00
4.916382650010286071e+00
4.916592384457617371e+00
4.916806543675846797e+00
4.917020032159133081e+00
4.917237919484700903e+00
4.917455064281613275e+00
4.917676595171594833e+00
4.917897319311197890e+00
4.918122402862797671e+00
4.918346598366238887e+00
4.918575126496158134e+00
4.918802699252073474e+00
4.919034598914127976e+00
4.919265492544494300e+00
4.919500685948967167e+00
4.919734775747367728e+00
4.919973140978804338e+00
4.920210323594885082e+00
4.920451750975548322e+00
4.920691895182886633e+00
4.920936234297172085e+00
4.921179190239546308e+00
4.921426337998214606e+00
4.921672034638514326e+00
4.921921910522311983e+00
4.922170239400800007e+00
4.922422715055404296e+00
4.922673537935676968e+00
4.922928479024934134e+00
4.923181656688960572e+00
4.923438912668340883e+00
4.923694304963764701e+00
4.923953749972683980e+00
4.924211209136561074e+00
4.924472688108491703e+00
4.924732085699591089e+00
4.924995498435193575e+00
4.925256720532998678e+00
4.925521944323428158e+00
4.925784846117569060e+00
4.926051720712854021e+00
4.926316164415717402e+00
4.926584566065866255e+00
4.926850399867960029e+00
4.927120150914964469e+00
4.927387197155393750e+00
4.927658162054371793e+00
4.927926306360778774e+00
4.928198367908639632e+00
4.928467469124349520e+00
4.928740479336858549e+00
4.929010397966480994e+00
4.929284216336699664e+00
4.929554807135109407e+00
4.929829294170898102e+00
4.930100405264174590e+00
4.930375421018777793e+00
4.930646912477306465e+00
4.930922312175717082e+00
4.931194035039696111e+00
4.931469682418824441e+00
4.931741516458454377e+00
4.932017291649367863e+00
4.932289097390643917e+00
4.932564870776552368e+00
4.932836513154027713e+00
4.933112158607756648e+00
4.933383508507374060e+00
4.933658892087491310e+00
4.933929820454734383e+00
4.934204830270079611e+00
4.934475222185379373e+00
4.934749739321771855e+00
4.935019469577408557e+00
4.935293398090141892e+00
4.935562352153506360e+00
4.935835561763243895e+00
4.936103606593563953e+00
4.936375971744707769e+00
4.936643001734235092e+00
4.936914464012787995e+00
4.937180401306129340e+00
4.937450851254697071e+00
4.937715576844000864e+00
4.937984941783417625e+00
4.938248386036495852e+00
4.938516586556046306e+00
4.938778642544326303e+00
4.939045567361477040e+00
4.939306132543331174e+00
4.939571718204557094e+00
4.939830720144186671e+00
4.940094897413104924e+00
4.940352255132040682e+00
4.940614976088913757e+00
4.940870647692894302e+00
4.941131868406166028e+00
4.941385786781798295e+00
4.941645448782226779e+00
4.941897534374935397e+00
4.942155576748307411e+00
4.942405763567187194e+00
4.942662139422684398e+00
4.942910378353980505e+00
4.943165071480906114e+00
4.943411324575706978e+00
4.943664294914741575e+00
4.943908507678199449e+00
4.944159736997125520e+00
4.944401879226088425e+00
4.944651350490569364e+00
4.944891373053459382e+00
4.945139053586522948e+00
4.945376910933016568e+00
4.945622786920237601e+00
4.945858436984514661e+00
4.946102483967744767e+00
4.946335882601330169e+00
4.946578098241043442e+00
4.946809215683157568e+00
4.947049592932385664e+00
4.947278382250781092e+00
4.947516887384932005e+00
4.947743274945461067e+00
4.947979863625120878e+00
4.948203774672219168e+00
4.948438418177976139e+00
4.948659786770600810e+00
4.948892450260546028e+00
4.949111169924897524e+00
4.949341765822768302e+00
4.949557694405756436e+00
4.949786111907226172e+00
4.949999070453720229e+00
4.950225140721466133e+00
4.950434873766890398e+00
4.950658379963764233e+00
4.950864589995870091e+00
4.951085257014601559e+00
4.951287556278087365e+00
4.951505024592131932e+00
4.951702912835937553e+00
4.951916657048493597e+00
4.952109425833008061e+00
4.952318690650455935e+00
4.952505395107458241e+00
4.952709219177212852e+00
4.952888662015280552e+00
4.953085778837500008e+00
4.953256422208416332e+00
4.953445223845294620e+00
4.953605111593982535e+00
4.953783425334374435e+00
4.953929837383408419e+00
4.954094693281472672e+00
4.954224082660965145e+00
4.954371424549460556e+00
4.954478943703868765e+00
4.954603510928608401e+00
4.954683034228710703e+00
4.954778094009895995e+00
4.954821763601710671e+00
4.954878502610574387e+00
4.954875859398716109e+00
4.954882455840531996e+00
4.954819588989518131e+00
4.954760086360780136e+00
4.954618200729147937e+00
4.954471433885769827e+00
4.954226064505208527e+00
4.953964533820099270e+00
4.953583944454623023e+00
4.953171746411523024e+00
4.952614216381621581e+00
4.952003702664081075e+00
4.951213559176832923e+00
4.950340668795842447e+00
4.949242962054343664e+00
4.948021557205952270e+00
4.946516181095712561e+00
4.944831821419596096e+00
4.942786468615420148e+00
4.940487983192317856e+00
4.937727611919605408e+00
4.934613921037443340e+00
4.930904370058426522e+00
4.926704475720294241e+00
4.921728542067550727e+00
4.916074022533434729e+00
4.909400630063215587e+00
4.901791691823009778e+00
4.892838157222219486e+00
4.882600958951218928e+00
4.870582918045861298e+00
4.856809388541107886e+00
4.840666921800706568e+00
4.822124132467392243e+00
4.800410882535035562e+00
4.775408608475577132e+00
4.746136955226488041e+00
4.712350999223149373e+00
4.672791405866322023e+00
4.627037521216537108e+00
4.573460007886588130e+00
4.511395859632244765e+00
4.438716066862053999e+00
4.354417701378311634e+00
4.255682442744112670e+00
4.141030907692494267e+00
4.006686187365969154e+00
3.850525639549646773e+00
3.667443623604752734e+00
3.454510187919540787e+00
3.204763455883415268e+00
2.914385012518824425e+00
2.573676101622922374e+00
2.178207939845439256e+00
1.714589318459392109e+00
1.216167667474417735e+00
6.595977493731730590e-01
-6.472160112868963200e-02
-1.019435102197453258e+00
-2.213903849472337093e+00
-3.593993708850026447e+00
-5.069890928362876359e+00
-6.538371199802647915e+00
-7.905376800434773088e+00
-9.110369551841230873e+00
-1.010074010980164161e+01
-1.086936061021501310e+01
-1.156609174408883156e+01
-1.233126106172312930e+01
-1.325894642367382836e+01
