-1.231810306085191975e+01
-1.298224962790967751e+01
-1.376478620480976645e+01
-1.436031984994796318e+01
-1.444855679827864847e+01
-1.391657807366668287e+01
-1.287553731618408825e+01
-1.155568126810261020e+01
-1.009953146275716129e+01
-8.517214270131333365e+00
-6.769507451842109447e+00
-4.894555540012394346e+00
-3.134349924228443385e+00
-1.629579293996566092e+00
-6.680913854726850953e-01
-3.372115502910155160e-01
-2.652523160021005300e-01
-4.368935397154131706e-01
-1.080398633913335793e+00
-2.091166075348652065e+00
-3.378869866689111490e+00
-4.814525413952225996e+00
-6.304074730243455882e+00
-7.754780562075947792e+00
-9.084152535205632262e+00
-1.022740264779297803e+01
-1.117482295970562767e+01
-1.187722284856908850e+01
-1.247233365144825790e+01
-1.324216689520959633e+01
-1.406109708315100804e+01
-1.459595519498651406e+01
-1.455353511974676550e+01
-1.388358571421945875e+01
-1.273367600055981441e+01
-1.133504461294471533e+01
-9.794230474993598889e+00
-8.098050755802850276e+00
-6.218719113513081709e+00
-4.249065935343785405e+00
-2.488610032653183257e+00
-1.097287386948311738e+00
-3.079590622188136395e-01
-8.249888264256681480e-02
-5.189414383124148211e-02
-3.506235223963640180e-01
-1.117711235276072745e+00
-2.222429607562954601e+00
-3.575706481697964012e+00
-5.043940161028857894e+00
-6.543007341740397109e+00
-7.976447742916099592e+00
-9.267444693990466220e+00
-1.036485987768618600e+01
-1.125742580489509237e+01
-1.190696404543779430e+01
-1.255045741055539565e+01
-1.337746518862065415e+01
-1.415732099663541632e+01
-1.455038715790107950e+01
-1.431797900748542851e+01
-1.348650924268640061e+01
-1.223832932037285737e+01
-1.079369176197968905e+01
-9.203172738709744394e+00
-7.448970524973121954e+00
-5.509940989243990117e+00
-3.564522804647610954e+00
-1.899568602997762978e+00
-6.648510651173727970e-01
-8.236641935076637056e-02
5.795187192714355839e-02
2.003482590604288224e-02
-4.411376446203392199e-01
-1.332790643704193867e+00
-2.533561127551600567e+00
-3.939282889616119832e+00
-5.427691462360743735e+00
-6.916352924666960611e+00
-8.310728421668727606e+00
-9.539356571077227898e+00
-1.057257828807489908e+01
-1.138109572526525604e+01
-1.198781803031885218e+01
-1.269697410093998791e+01
-1.354561796469116430e+01
-1.423257245329446974e+01
-1.442797737862640517e+01
-1.397916386141585221e+01
-1.298060929210896930e+01
-1.164670623135842931e+01
-1.015487471365423389e+01
-8.510559873329933467e+00
-6.693512051715257982e+00
-4.716472639960296753e+00
-2.844880477082476933e+00
-1.305688217897098102e+00
-2.762027544640698884e-01
1.026779003581205357e-01
1.851815348425687180e-01
2.965456545502935873e-02
-6.015062508744739578e-01
-1.609975290217038779e+00
-2.900205295845901254e+00
-4.344780045068911356e+00
-5.845158513567207059e+00
-7.309873208967509584e+00
-8.654326082000615372e+00
-9.813651430055864822e+00
-1.077694792888991770e+01
-1.149496086734379041e+01
-1.210502755612735371e+01
-1.288904232814306638e+01
-1.372121710742004019e+01
-1.426739252614993170e+01
-1.423406208346622037e+01
-1.356961637449705016e+01
-1.242208980957358833e+01
-1.102155121283291983e+01
-9.477145969822693417e+00
-7.773177763624739001e+00
-5.885381023066685202e+00
-3.904096372912065238e+00
-2.137442245943208974e+00
-7.509590028913645243e-01
3.456002052228600296e-02
2.567811905615695056e-01
2.845033040824302972e-01
-3.312955224788688424e-02
-8.185653237897932977e-01
-1.937539240226246129e+00
-3.300588191920986070e+00
-4.772988542812873547e+00
-6.272747701577500834e+00
-7.701646283238932078e+00
-8.984703257627989714e+00
-1.007263682830484797e+01
-1.095363342802597728e+01
-1.159432590870368607e+01
-1.224794848479958098e+01
-1.308073516674095238e+01
-1.384899372154162833e+01
-1.421207027741994189e+01
-1.394481263128126614e+01
-1.308449269694672701e+01
-1.182084993332964196e+01
-1.036803927496771038e+01
-8.769206713206486370e+00
-7.004794552370648297e+00
-5.058412087341186414e+00
-3.122500232990423452e+00
-1.477899286611349616e+00
-2.741481047176053121e-01
2.715073301870615796e-01
4.002237001694214369e-01
3.443130439312181434e-01
-1.481351441521899237e-01
-1.062620531327435280e+00
-2.280888743686948050e+00
-3.695830529070063708e+00
-5.187341414287981678e+00
-6.673602808312088186e+00
-8.059774496074609829e+00
-9.276886956528553441e+00
-1.029761791640578572e+01
-1.109013300065528718e+01
-1.169328966175226725e+01
-1.241683532945782886e+01
-1.326504332446777568e+01
-1.393019556474597209e+01
-1.408489598210850247e+01
-1.359640967675005285e+01
-1.256802205042971465e+01
-1.122088822860720114e+01
-9.719362510208375383e+00
-8.065114796289416077e+00
-6.234933659277237972e+00
-4.254582356989774716e+00
-2.399859826739189295e+00
-8.867069972104604236e-01
1.010457844707942088e-01
4.464803404829397193e-01
5.198707405537542625e-01
3.383162144423840223e-01
-3.197873638673882635e-01
-1.348202297290268969e+00
-2.651903385727369056e+00
-4.103295079272987422e+00
-5.604796286966150731e+00
-7.066072982113063894e+00
-8.401837079399454566e+00
-9.551631413855979247e+00
-1.050305726462621436e+01
-1.120869770411816724e+01
-1.182613282848846126e+01
-1.262439148517358412e+01
-1.344922281311709966e+01
-1.396641527564113616e+01
-1.389003208801593736e+01
-1.318881507194507030e+01
-1.201631345557622588e+01
-1.060515113748127014e+01
-9.048905846193456171e+00
-7.332403900282224107e+00
-5.428212745119514793e+00
-3.446733060774069823e+00
-1.694873649212871980e+00
-3.350413364590788534e-01
4.130135822516843302e-01
6.203088186719608599e-01
6.433789459035530456e-01
3.010291946734479640e-01
-5.013213778511849128e-01
-1.635324237928681201e+00
-3.005715008689082257e+00
-4.484757049663955719e+00
-5.986727116349118027e+00
-7.419992101449245148e+00
-8.704997086981130394e+00
-9.805413117597510109e+00
-1.069108968418990102e+01
-1.136347253302055371e+01
-1.211016237214603919e+01
-1.301298411903833241e+01
-1.377926660766686950e+01
-1.407413611817666066e+01
-1.371178718805719043e+01
-1.276915738037213721e+01
-1.144676617419539433e+01
-9.942890757253374900e+00
-8.273371447664946032e+00
-6.421390661878704442e+00
-4.392352650238864342e+00
-2.430759077169503790e+00
-8.218997507511857092e-01
2.877085853496429979e-01
7.542298514385771258e-01
8.507042131127556805e-01
7.756869371553731796e-01
3.328398688721860288e-01
-5.511026123471396421e-01
-1.749144150108594253e+00
-3.169513313527676068e+00
-4.679299845098030985e+00
-6.192749164202413503e+00
-7.600456513038768236e+00
-8.810164200256025424e+00
-9.749188460078908491e+00
-1.037357943258652071e+01
-1.065837869647732994e+01
-1.059315305433040422e+01
-1.018134870438976058e+01
-9.435548212445336702e+00
-8.388899984841428292e+00
-7.087456122611540010e+00
-5.608937722421087457e+00
-4.039469295582503783e+00
-2.485685816758177236e+00
-1.013825854303944451e+00
2.678839893867627775e-01
1.297006312765292657e+00
1.983212647630065772e+00
2.405540901460976322e+00
2.797172006947886480e+00
3.120788596616571819e+00
3.375636445118425755e+00
3.570993978683357106e+00
3.724863249725694825e+00
3.841157055498657602e+00
3.932776102496920778e+00
4.000993059433471721e+00
4.054940394584860996e+00
4.094336916328472853e+00
4.125797458431343046e+00
4.148142582810392831e+00
4.166293357822985932e+00
4.178627597405508709e+00
4.188953906314329068e+00
4.195453727621319295e+00
4.201169332434653292e+00
4.204272821199398713e+00
4.207293941473379206e+00
4.208449254430393083e+00
4.209877134881157446e+00
4.209907153516111222e+00
4.210404710860694344e+00
4.209804326821250164e+00
4.209739928668425613e+00
4.208780629042499832e+00
4.208390683302222435e+00
4.207243127856134635e+00
4.206642853388148140e+00
4.205388484688286077e+00
4.204668096030949265e+00
4.203370103666944857e+00
4.202560905602408248e+00
4.201238282221203768e+00
4.200380417880416495e+00
4.199059181356342485e+00
4.198154698381412864e+00
4.196833774526805172e+00
4.195906710083449731e+00
4.194600482483773263e+00
4.193642781753310622e+00
4.192343277606735974e+00
4.191373098405138720e+00
4.190090986442523757e+00
4.189096898151412063e+00
4.187822377980046085e+00
4.186820586245739939e+00
4.185563165180902878e+00
4.184540767792962690e+00
4.183290010240463097e+00
4.182262511607707900e+00
4.181027779574653103e+00
4.179982044298471422e+00
4.178753353601435627e+00
4.177704364406990223e+00
4.176490339805045693e+00
4.175424242874884229e+00
4.174214628051967857e+00
4.173146486860787263e+00
4.171950616212291685e+00
4.170866564032592372e+00
4.169674054243055039e+00
4.168588834644652685e+00
4.167409049548541411e+00
4.166308872573009303e+00
4.165131652449513666e+00
4.164031199078472412e+00
4.162865978224143504e+00
4.161751345240925382e+00
4.160587891390161275e+00
4.159473664279837557e+00
4.158321556721319645e+00
4.157193842608402967e+00
4.156042849972036990e+00
4.154916165547360762e+00
4.153775999871619717e+00
4.152636356834606524e+00
4.151496654223772786e+00
4.150358496844814837e+00
4.149229191655231297e+00
4.148078735149305807e+00
4.146949492631157419e+00
4.145800903398889403e+00
4.144681552866180674e+00
4.143521017694467901e+00
4.142401254261921295e+00
4.141243040558588717e+00
4.140132915876666431e+00
4.138963200736642811e+00
4.137852215767291675e+00
4.136685031918958089e+00
4.135583363495046072e+00
4.134405094041713191e+00
4.133302225489005721e+00
4.132126783687176008e+00
4.131033033649027963e+00
4.129846839552939741e+00
4.128751512288332925e+00
4.127568313838310132e+00
4.126481893432778492e+00
4.125288310329699115e+00
4.124200066885670424e+00
4.123009714837592377e+00
4.121930140935138098e+00
4.120729600515763202e+00
4.119647894754258743e+00
4.118450767284027592e+00
4.117377644474698783e+00
4.116170681834259604e+00
4.115095171610740898e+00
4.113891714643171049e+00
4.112824607694050449e+00
4.111611510598750741e+00
4.110541802454166671e+00
4.109332386115393199e+00
4.108270995086227728e+00
4.107052166442477059e+00
4.105987893250370391e+00
4.104772799669953010e+00
4.103716778726226977e+00
4.102492539251782588e+00
4.101433418716435853e+00
4.100212998504189521e+00
4.099162088217986444e+00
4.097932719049260264e+00
4.096878475992546065e+00
4.095652939460069142e+00
4.094606834613101931e+00
4.093372596786180040e+00
4.092323042907870523e+00
4.091092721568496238e+00
4.090051183651087996e+00
4.088812272999468256e+00
4.087767080442824330e+00
4.086532170432962907e+00
4.085495036000671654e+00
4.084251760820161614e+00
4.083210767506064265e+00
4.081971483849976323e+00
4.080938499053194057e+00
4.079691003549097417e+00
4.078654025480694223e+00
4.077410542386365577e+00
4.076381550864166314e+00
4.075130037709096875e+00
4.074096878038981906e+00
4.072849381459930918e+00
4.071824210459607407e+00
4.070568833157245159e+00
4.069539315611481634e+00
4.068287992599722180e+00
4.067266510348773068e+00
4.066007469604305591e+00
4.064981459128240715e+00
4.063726401281249956e+00
4.062708413662522666e+00
4.061445829412615893e+00
4.060423253035995828e+00
4.059164673443425464e+00
4.058150051570578398e+00
4.056884012321759769e+00
4.055864638953680767e+00
4.054602649043032692e+00
4.053591350865555221e+00
4.052322071115091795e+00
4.051305814853217058e+00
4.050040498844607484e+00
4.049032316118471364e+00
4.047759889076296247e+00
4.046746665482292116e+00
4.045478154638727730e+00
4.044473010253102352e+00
4.043197513382291497e+00
4.042187194549304863e+00
4.040915603938540990e+00
4.039913412684629890e+00
4.038634947889837790e+00
4.037627435458587932e+00
4.036352874488981612e+00
4.035353554277453902e+00
4.034072237295277752e+00
4.033067425416990481e+00
4.031789939012777602e+00
4.030793383857545820e+00
4.029509345591852032e+00
4.028507230313333132e+00
4.027226923457314811e+00
4.026233005829675804e+00
4.024946214092615548e+00
4.023946660937593123e+00
4.022663671852777512e+00
4.021672428476597894e+00
4.020383045066342476e+00
4.019385940371019039e+00
4.018100247820486359e+00
4.017111528777730811e+00
4.015819630789930095e+00
4.014824967533125566e+00
4.013536686641389295e+00
4.012550436837916124e+00
4.011256057785509199e+00
4.010263749988008719e+00
4.008972958703680867e+00
4.007989137970763061e+00
4.006692349352083404e+00
4.005702337748981101e+00
4.004409096945623858e+00
4.003427631871342207e+00
4.002128471706805968e+00
4.001140656085949487e+00
3.999844974295671651e+00
3.998865841902545792e+00
3.997564472215000109e+00
3.996578889303425530e+00
3.995280831894143958e+00
3.994303899457569695e+00
3.993000262975138437e+00
3.992016851431064772e+00
3.990716536972939821e+00
3.989741836620440463e+00
3.988435995569837633e+00
3.987454643913657559e+00
3.986152064365069414e+00
3.985179525855972127e+00
3.983871531770926122e+00
3.982892203289213118e+00
3.981587391764629391e+00
3.980616998730578615e+00
3.979306938625833290e+00
3.978329639269536866e+00
3.977022668967221453e+00
3.976054338674999578e+00
3.974742200702361394e+00
3.973766862571527003e+00
3.972457760892245560e+00
3.971491470708333082e+00
3.970177294649814392e+00
3.969203872557754753e+00
3.967892684170694295e+00
3.966928460130648926e+00
3.965612361238357142e+00
3.964640824043587752e+00
3.963327525996435341e+00
3.962365234592592156e+00
3.961047190637500215e+00
3.960077570749467757e+00
3.958762275341319192e+00
3.957801944554953710e+00
3.956481973483495285e+00
3.955514168100462857e+00
3.954196869719328600e+00
3.953238460762963147e+00
3.951916587910023537e+00
3.950950562479513373e+00
3.949631273077870208e+00
3.948674790078564811e+00
3.947351091505416409e+00
3.946386882705277710e+00
3.945065665754559969e+00
3.944111035844559243e+00
3.942785489593378934e+00
3.941823025295462912e+00
3.940499871806852017e+00
3.939547069675092050e+00
3.938219695966921563e+00
3.937258968004675896e+00
3.935933965240046462e+00
3.934983064768680983e+00
3.933653934785602324e+00
3.932694864362846765e+00
3.931367916898981907e+00
3.930418814136042105e+00
3.929087979228031990e+00
3.928130663266411915e+00
3.926801867257245338e+00
3.925854523451666633e+00
3.924521915898055546e+00
3.923566258556596686e+00
3.922235639858403289e+00
3.921290094513750546e+00
3.919955768144629538e+00
3.919001748400092744e+00
3.917669288898935509e+00
3.916725512417106536e+00
3.915389476772824562e+00
3.914437096483750267e+00
3.913102836781249927e+00
3.912160821912962660e+00
3.910823127477384364e+00
3.909872369390347657e+00
3.908536279686482207e+00
3.907595965158772611e+00
3.906256590308472720e+00
3.905307488021828810e+00
3.903969674085323582e+00
3.903031123050531903e+00
3.901690065636921556e+00
3.900742488214629766e+00
3.899402862867290764e+00
3.898466055736110825e+00
3.897123420416735762e+00
3.896177449883773125e+00
3.894836046337732061e+00
3.893900903424559967e+00
3.892556628217175962e+00
3.891612242871088423e+00
3.890269100478842557e+00
3.889335659679537205e+00
3.887989730643148789e+00
3.887046871225925404e+00
3.885701988719513889e+00
3.884770258434375290e+00
3.883422723612152794e+00
3.882481412448680391e+00
3.881134759454259342e+00
3.880204704040740360e+00
3.878855591433634231e+00
3.877915821851087852e+00
3.876567419050717334e+00
3.875639032191249278e+00
3.874288338564629619e+00
3.873350145290485713e+00
3.872000041078425880e+00
3.871073328644143441e+00
3.869721008962847097e+00
3.868784296535833889e+00
3.867432455541296221e+00
3.866507460103287386e+00
3.865153583853008890e+00
3.864218371785508754e+00
3.862864759217083943e+00
3.861941395252013631e+00
3.860585959951781998e+00
3.859652275196805427e+00
3.858296943554328173e+00
3.857375243619536320e+00
3.856018211160971987e+00
3.855086013754097873e+00
3.853728965197962264e+00
3.852808926241713117e+00
3.851450311661527959e+00
3.850519598091898033e+00
3.849160794447337608e+00
3.848242414900323816e+00
3.846882255059606237e+00
3.845953022205208072e+00
3.844592470698888764e+00
3.843675743968101965e+00
3.842314045555485613e+00
3.841386340445278158e+00
3.840024067814213016e+00
3.839108996748379798e+00
3.837745671745417031e+00
3.836819385097522961e+00
3.835455367283032491e+00
3.834542014064398430e+00
3.833177167076318614e+00
3.832252341639721394e+00
3.830886515889722510e+00
3.829974767755068843e+00
3.828608359622847068e+00
3.827684998407314243e+00
3.826317432564792398e+00
3.825407351828865377e+00
3.824039370481597366e+00
3.823117460283703029e+00
3.821748119288888468e+00
3.820839666706990823e+00
3.819470112450601640e+00
3.818549665645996072e+00
3.817178564511134464e+00
3.816271780924722190e+00
3.814900653098264538e+00
3.813981606330208773e+00
3.812608709674235818e+00
3.811703613493077736e+00
3.810330993150416568e+00
3.809413418267292073e+00
3.808038713179489942e+00
3.807135238950833500e+00
3.805760969460347809e+00
3.804844769179791975e+00
3.803468285821088202e+00
3.802566526711273376e+00
3.801190726703356226e+00
3.800275912056134242e+00
3.798897562337082423e+00
3.797997421927662209e+00
3.796620061419837544e+00
3.795706640296018453e+00
3.794326475333333004e+00
3.793427971333888760e+00
3.792049016643194381e+00
3.791136949288055558e+00
3.789754921642477292e+00
3.788858034683842746e+00
3.787477527470255012e+00
3.786566821617685541e+00
3.785182939904953692e+00
3.784287669782639085e+00
3.782905539634652925e+00
3.781996092668588272e+00
3.780610331187754802e+00
3.779716743960300551e+00
3.778333146236573903e+00
3.777424978307060588e+00
3.776037259527453394e+00
3.775145161090856405e+00
3.773759871052592807e+00
3.772852884318310007e+00
3.771463224609606701e+00
3.770572647042685244e+00
3.769185702607777522e+00
3.768279770263657458e+00
3.766887983754629410e+00
3.765998705359560272e+00
3.764609893426597242e+00
3.763704738375532433e+00
3.762310587008541596e+00
3.761422290481504671e+00
3.760031230597153051e+00
3.759126250006573855e+00
3.757729001628101972e+00
3.756840790290300713e+00
3.755446546046967704e+00
3.754540496899838153e+00
3.753138631306689899e+00
3.752248500937731546e+00
3.750848503011365853e+00
3.749938471229652848e+00
3.748528565779745580e+00
3.747632288159490788e+00
3.746221193340764088e+00
3.745299424877615468e+00
3.743871604372662087e+00
3.742956837876689757e+00
3.741519554074536735e+00
3.740567859468472367e+00
3.739099617774791717e+00
3.738138185328704122e+00
3.736639397965856091e+00
3.735613561528842386e+00
3.734050014729235922e+00
3.732973969633009315e+00
3.731329207005995574e+00
3.730124047043934965e+00
3.728334148359537359e+00
3.726980904915346837e+00
3.724988538296504448e+00
3.723354768754814526e+00
3.721029709688402853e+00
3.719017525837013949e+00
3.716204587063402620e+00
3.713558149793703578e+00
3.709976410747013897e+00
3.706416831839074444e+00
3.701686691178865729e+00
3.696677079245393571e+00
3.690171789055717522e+00
3.683014261377986376e+00
3.673841086849236159e+00
3.663366932819444255e+00
3.650124327546990788e+00
3.634692158643981763e+00
3.615329467034745115e+00
3.592351500982662316e+00
3.563735143475416756e+00
3.529476019992130009e+00
3.487014590148333593e+00
3.435820792250000366e+00
3.372689863670879529e+00
3.296424478017361270e+00
3.202754333269282494e+00
3.089486520387616064e+00
2.950948909671110787e+00
2.783698264569027803e+00
2.579818397624537241e+00
2.334150422213932430e+00
2.035322480492490094e+00
1.676322139508056530e+00
1.241146267749261956e+00
7.772511874148771982e-01
2.243075037035295316e-01
-6.564753348127568833e-01
-1.810285884791036803e+00
-3.173492306807227603e+00
-4.646951678893852744e+00
-6.152694766731342746e+00
-7.614489734794353204e+00
-8.953024388777926390e+00
-1.010794201869016007e+01
-1.106183001786278730e+01
-1.178192712762974459e+01
