3.705245033779119179e+00
3.386649614276874054e+00
2.996971697877481411e+00
2.572918639924404172e+00
2.178610069353848822e+00
1.856784817783397434e+00
1.648243868163148607e+00
1.556526906971083646e+00
1.556420813551065763e+00
1.584904188142386650e+00
1.586454232088954752e+00
1.522079425047351720e+00
1.336562623717547194e+00
8.529113914273978025e-01
7.002161700680761824e-02
-9.240120318813290767e-01
-2.095985069434535664e+00
-3.350945040848989809e+00
-4.645806842892053368e+00
-5.918742918940552933e+00
-7.118471026164851168e+00
-8.196412771638753370e+00
-9.127396397993168264e+00
-9.903343916821336634e+00
-1.051527728116358418e+01
-1.095337790923981913e+01
-1.141925624555539542e+01
-1.201771094593849654e+01
-1.264230051217683126e+01
-1.308615300114295898e+01
-1.316369982211475076e+01
-1.279720434197296441e+01
-1.202960542515688225e+01
-1.098974570545744633e+01
-9.805031270328239401e+00
-8.541834715630045594e+00
-7.184644677500100052e+00
-5.730786511522628857e+00
-4.153615596933907916e+00
-2.601004602769686702e+00
-1.183792349264358945e+00
1.461741879076757476e-02
7.930316536538719596e-01
1.104055406959647323e+00
1.172356646540553715e+00
1.128637860277243554e+00
8.096390995163973425e-01
1.535079626435306155e-01
-7.430675423105450594e-01
-1.839949929629603131e+00
-3.054671215156389064e+00
-4.322549941033634546e+00
-5.596539678913155846e+00
-6.815689249290168839e+00
-7.936013965801743453e+00
-8.920225859253779532e+00
-9.761014853496691401e+00
-1.044319917116926000e+01
-1.095255203815358591e+01
-1.147492651889841042e+01
-1.213340369759192328e+01
-1.282331988262243527e+01
-1.334424413657601072e+01
-1.349826673458453818e+01
-1.320294399044140299e+01
-1.248641266657566007e+01
-1.147770989247142026e+01
-1.030115390416524690e+01
-9.036890724887381765e+00
-7.662693978833416075e+00
-6.175251546226044219e+00
-4.558760183810897537e+00
-2.928627899580388050e+00
-1.473671050070854527e+00
-2.581307070715380680e-01
5.584131692706015837e-01
9.061472845057052528e-01
9.998390997482159426e-01
9.758515306447191895e-01
6.521495342449432631e-01
-6.327157453807652834e-03
-9.031745446169268110e-01
-1.999794877662602888e+00
-3.208324896940177862e+00
-4.470406153078791966e+00
-5.735716873082659539e+00
-6.944772544910728485e+00
-8.054756415636671107e+00
-9.029595575188769985e+00
-9.867049445244244765e+00
-1.053819546076693570e+01
-1.106148629492039959e+01
-1.164558913445223176e+01
-1.235692899700743475e+01
-1.306097223841815413e+01
-1.354390201842593555e+01
-1.362680115398771719e+01
-1.324817906437285409e+01
-1.246065724500978078e+01
-1.139849546823841386e+01
-1.018093623243641943e+01
-8.870216954185723424e+00
-7.436993462856629655e+00
-5.884392635995431498e+00
-4.208802676733739645e+00
-2.562156763463479869e+00
-1.127070114284364211e+00
3.109831177460015139e-02
7.613020189678331162e-01
1.045426101083506643e+00
1.108777087005673678e+00
1.056292696988038626e+00
7.632901899942540203e-01
1.315690066912980905e-01
-7.523575155556551097e-01
-1.839452443998262021e+00
-3.059809772754964463e+00
-4.334827267025149311e+00
-5.620203182071326964e+00
-6.844726018818215074e+00
-7.955608206650226499e+00
-8.896056544274181022e+00
-9.636853384422739310e+00
-1.014783232240480082e+01
-1.042133629772668435e+01
-1.044470766132278428e+01
-1.022345942044454148e+01
-9.756976141014906290e+00
-9.063455837560063344e+00
-8.157409670699850679e+00
-7.075927791533144884e+00
-5.854749590005134507e+00
-4.553929592540142401e+00
-3.225115965235084925e+00
-1.931626598431979147e+00
-7.054644259428113351e-01
3.821052890800091806e-01
1.290764008589613487e+00
1.984709032088612268e+00
2.418017164937565688e+00
2.759769101711969430e+00
3.085189770685051069e+00
3.361198599340972315e+00
3.584273378107013741e+00
3.766190342035052208e+00
3.913241938704739464e+00
4.032374329046250594e+00
4.128566676816736170e+00
4.206133631716944876e+00
4.268820236779652610e+00
4.319191066050347416e+00
4.360063256208559501e+00
4.392810484153871542e+00
4.419600608562083366e+00
4.441007216559114568e+00
4.458765112195590241e+00
4.472913136926006672e+00
4.484902659142048442e+00
4.494419122105399289e+00
4.502734588682483441e+00
4.509302731475312243e+00
4.515283067712465126e+00
4.519979193775034432e+00
4.524479259447152124e+00
4.527988592369461607e+00
4.531550397916579875e+00
4.534308220618628482e+00
4.537277056468038694e+00
4.539561219548575721e+00
4.542155468284878594e+00
4.544141424762743853e+00
4.546499403267396211e+00
4.548298299805833445e+00
4.550506441543714864e+00
4.552188134265834130e+00
4.554301501252586704e+00
4.555910819814965151e+00
4.557963450792065885e+00
4.559527951143644842e+00
4.561541669606111071e+00
4.563079518518351030e+00
4.565067467840486337e+00
4.566589288709739236e+00
4.568560111547204983e+00
4.570073580628142729e+00
4.572032279266354138e+00
4.573541355737066105e+00
4.575491392268646429e+00
4.576999445018402390e+00
4.578942540373802217e+00
4.580450945196648860e+00
4.582388524852673228e+00
4.583898966514201589e+00
4.585831527613611236e+00
4.587344227543558972e+00
4.589272410945607561e+00
4.590788494845989831e+00
4.592712334317551992e+00
4.594231543468767498e+00
4.596151274546891763e+00
4.597674481739513652e+00
4.599590031183072192e+00
4.601116847831492329e+00
4.603028631640798451e+00
4.604560122046145842e+00
4.606467670213697296e+00
4.608002895417379285e+00
4.609906258782257460e+00
4.611446017043749457e+00
4.613345028290346761e+00
4.614888849831996431e+00
4.616783626877847269e+00
4.618332176413246337e+00
4.620222362335000277e+00
4.621774966286492869e+00
4.623660597331649136e+00
4.625218138339983298e+00
4.627099163887881339e+00
4.628661081187777526e+00
4.630537433757794474e+00
4.632104426071233405e+00
4.633975822854027982e+00
4.635547265478767720e+00
4.637413775653732806e+00
4.638990547781649099e+00
4.640851982529357045e+00
4.642433417772117821e+00
4.644289669136979271e+00
4.645876654847968190e+00
4.647727622317847640e+00
4.649319530343680285e+00
4.651165039065642937e+00
4.652762693299079544e+00
4.654602576327083518e+00
4.656205369884530931e+00
4.658039541392742677e+00
4.659648521424271550e+00
4.661476838706527737e+00
4.663091230522882213e+00
4.664913340173056255e+00
4.666534126958889139e+00
4.668349948536249627e+00
4.669976518577655611e+00
4.671785848887239467e+00
4.673419289973906210e+00
4.675221866627152778e+00
4.676861366191163327e+00
4.678656744186840299e+00
4.680303398062291009e+00
4.682091697483576453e+00
4.683745108982083849e+00
4.685525551128056243e+00
4.687186446610676960e+00
4.688958573957291875e+00
4.690625875351562613e+00
4.692388703773888281e+00
4.694063350159704662e+00
4.695816120731318932e+00
4.697496579198020328e+00
4.699237562527500245e+00
4.700923918670903312e+00
4.702651165817291812e+00
4.704340521703437972e+00
4.706050387152447279e+00
4.707740721536788797e+00
4.709428221486527733e+00
4.711112795586684499e+00
4.712769148150347753e+00
4.714439773396631672e+00
4.716051849769200999e+00
4.717691331696441281e+00
4.719236489080485875e+00
4.720819363067152885e+00
4.722261843159670569e+00
4.723741810466683511e+00
4.725020955849444704e+00
4.726324021685329946e+00
4.727340711162829834e+00
4.728338869170745973e+00
4.728926040408176767e+00
4.729407922769218509e+00
4.729287524478594129e+00
4.728893795534601097e+00
4.727598373445208502e+00
4.725727228322691431e+00
4.722468954769879268e+00
4.718096697824011088e+00
4.711541211974426879e+00
4.702938693364930423e+00
4.690829314330155597e+00
4.675054008233715308e+00
4.653547710541649174e+00
4.625588255945225491e+00
4.588146254231458165e+00
4.539478663646389300e+00
4.475010253149235950e+00
4.391194098587535066e+00
4.280985254596094691e+00
4.137755476495661888e+00
3.950582081462565842e+00
