-1.391277493052273329e+01
-1.627060046517550873e+01
-1.808040653511940832e+01
-1.844722298790620840e+01
-1.721712375810566797e+01
-1.510052909600027604e+01
-1.310630712557652267e+01
-1.175412064085682928e+01
-1.053081201942361389e+01
-8.627319245316058982e+00
-6.176408348879360410e+00
-3.815960674771611494e+00
-2.273594011298747386e+00
-1.822056386731046196e+00
-1.945069592203026332e+00
-2.812549537146248557e+00
-4.797590607606461610e+00
-7.352164186105095922e+00
-9.774551451214446018e+00
-1.148666736082677531e+01
-1.275605097312173086e+01
-1.444391583339248974e+01
-1.664673248580705334e+01
-1.859342306122356447e+01
-1.933318287429147375e+01
-1.846282452064000879e+01
-1.646086326845641779e+01
-1.429384889497810640e+01
-1.267852600010920483e+01
-1.142101422110427045e+01
-9.652309551315308767e+00
-7.208310875733919154e+00
-4.698382513047020481e+00
-2.830170975374834974e+00
-2.089815817686837551e+00
-2.044988708404793520e+00
-2.601850043663442413e+00
-4.264100236610516959e+00
-6.704050493656335874e+00
-9.190917985890511233e+00
-1.110222070608015876e+01
-1.233560175252948277e+01
-1.370559795641186440e+01
-1.573779048295658178e+01
-1.789221323851109702e+01
-1.915457569510387614e+01
-1.881160248055017448e+01
-1.704158814495703922e+01
-1.474687273856293501e+01
-1.286396960814523105e+01
-1.155957353701126067e+01
-1.003892302343613885e+01
-7.771963781019264772e+00
-5.173748400735236785e+00
-2.908753439083327841e+00
-1.696736216390218210e+00
-1.416499708387395362e+00
-1.800948805117821294e+00
-3.251577207584493312e+00
-5.428269055720922331e+00
-7.507547122135081352e+00
-8.835059459984863750e+00
-9.258659086381271663e+00
-9.092563043570613956e+00
-8.710591843451702232e+00
-8.175104807271523555e+00
-7.163718343726623417e+00
-5.343196461728876301e+00
-2.737473972999318939e+00
1.079523944959929205e-01
2.463191156753260724e+00
3.929587321090883378e+00
4.904645207003467178e+00
5.687920141381547445e+00
6.242294518628311195e+00
6.646422574785230353e+00
6.928869842447507033e+00
7.133228798534002379e+00
7.274652997052380776e+00
7.377065819118787005e+00
7.447005291916704017e+00
7.498031615941518346e+00
7.532421522002046288e+00
7.558020623148920869e+00
7.574882931794642893e+00
7.587799174593787832e+00
7.596064830021576952e+00
7.602728045341034857e+00
7.606770720626338189e+00
7.610277080919642501e+00
7.612315337054426756e+00
7.614294384652493974e+00
7.615341654595014553e+00
7.616482284219270760e+00
7.617084233894344969e+00
7.617840947861346912e+00
7.618225425577417553e+00
7.618719593766741127e+00
7.619019998395200943e+00
7.619402146545274590e+00
7.619656083527120316e+00
7.619916632111570109e+00
7.620162655156137888e+00
7.620377990959896763e+00
7.620612681846614223e+00
7.620742482330022050e+00
7.620978448580840947e+00
7.621078681490550899e+00
7.621309318254984255e+00
7.621337029956285924e+00
7.621566966635454854e+00
7.621569944381920259e+00
7.621795714969419322e+00
7.621733924239249447e+00
7.621957669910118582e+00
7.621875444367893770e+00
7.622098226898438078e+00
7.621959138457999217e+00
7.622180927374925474e+00
7.622026377415401122e+00
7.622252625956770444e+00
7.622050017705318758e+00
7.622279065698512213e+00
7.622067384253869093e+00
7.538984662918750246e+00
7.298001628562425402e+00
6.932043846184970270e+00
6.492117191537128740e+00
6.052712486549777005e+00
5.686223738248586734e+00
5.445774901350223018e+00
5.362173882153087767e+00
5.362486743894048224e+00
5.362188738577455815e+00
5.362522555504724231e+00
5.362234820514136580e+00
5.362605969802641148e+00
5.362304810398400789e+00
5.362702194848846027e+00
5.362415009497469853e+00
5.362856410095424131e+00
5.362559976223363556e+00
5.363029958348586312e+00
5.362746781176785937e+00
5.363263474572284473e+00
5.362969732673697365e+00
5.363511829798549790e+00
5.363222365492150701e+00
5.363804569346650730e+00
5.363490617039322395e+00
5.364081218663727668e+00
5.363744290992000785e+00
5.364346923819978130e+00
5.363941444420460947e+00
5.364497291023065273e+00
5.363991043221019162e+00
5.364469436257551571e+00
5.363769956559635510e+00
5.364043774893080929e+00
5.363026895078570888e+00
5.362954975700520599e+00
5.361384889945982835e+00
5.360650172065997587e+00
5.358150501836123070e+00
5.356283309190736475e+00
5.352172373027455521e+00
5.348261224169569061e+00
5.341382315801860514e+00
5.333943054583594190e+00
5.322243828931659593e+00
5.308496012674590148e+00
5.288277803957849521e+00
5.263341873976338903e+00
5.227989545173512553e+00
5.182930896345721905e+00
5.120329291908184643e+00
5.038763200509002615e+00
4.926533053627753844e+00
4.778185271210044327e+00
4.575262217503161644e+00
4.304661745908333614e+00
3.935068815393302888e+00
3.439936216279274817e+00
2.762934598077745552e+00
1.878689343018309144e+00
7.597155753622797381e-01
-1.066437229601551184e+00
-3.704476336456427266e+00
-6.536457572749686307e+00
-8.934047839367337929e+00
-1.054030923074539849e+01
-1.193577069931821910e+01
