-1.435506270577271160e+01
-1.557136815619769621e+01
-1.678259221479104468e+01
-1.784550634256973822e+01
-1.861608669871480259e+01
-1.898966984340998465e+01
-1.891385163097065458e+01
-1.841015776963604722e+01
-1.755919087783622956e+01
-1.649298439884458034e+01
-1.535649146212379712e+01
-1.428767811625213113e+01
-1.337313178893561982e+01
-1.263950966259846709e+01
-1.202662054441399064e+01
-1.141898323286153172e+01
-1.065535707134301902e+01
-9.667165787703584812e+00
-8.508732245353149537e+00
-7.235571097719512679e+00
-5.935647401101292076e+00
-4.718388270578584454e+00
-3.690593851318555885e+00
-2.937369609530297243e+00
-2.487388985506095995e+00
-2.317059178513258821e+00
-2.318783058076706372e+00
-2.385802849901934586e+00
-2.649011484063946931e+00
-3.197215505438356864e+00
-4.048942682450337394e+00
-5.164469864620281570e+00
-6.454362812398776406e+00
-7.810521012375995831e+00
-9.124072050338460471e+00
-1.031547496011182652e+01
-1.131438220320618804e+01
-1.209094617974518293e+01
-1.276848375590262030e+01
-1.348634791957054091e+01
-1.434037001071881967e+01
-1.535674760029686858e+01
-1.649149409006268385e+01
-1.764346455894316890e+01
-1.867844745313620436e+01
-1.945915057183346519e+01
-1.987444618045506317e+01
-1.986300244785984148e+01
-1.942679566266534152e+01
-1.863102543321253535e+01
-1.758911920875921808e+01
-1.643931524160852931e+01
-1.531455181954609301e+01
-1.431331551892066400e+01
-1.347574788039715088e+01
-1.277116159629523828e+01
-1.209990239384092980e+01
-1.132025643545556726e+01
-1.031227595724000956e+01
-9.118858353713800824e+00
-7.807815933313990264e+00
-6.461260698373016531e+00
-5.187188565963332998e+00
-4.093674339252933336e+00
-3.265319705071326961e+00
-2.739244696235931364e+00
-2.489311996894545409e+00
-2.434296249223375064e+00
-2.452198315167676057e+00
-2.611242930209919155e+00
-3.025895993364337677e+00
-3.736344911791356527e+00
-4.732831657491436417e+00
-5.943523755210517123e+00
-7.267119762583488907e+00
-8.592988137290157979e+00
-9.824641942294034536e+00
-1.090020073154725111e+01
-1.176045777898154654e+01
-1.242625482749562416e+01
-1.305157562057283016e+01
-1.376550433012458363e+01
-1.464914725111496097e+01
-1.569888031010868090e+01
-1.684713261958194863e+01
-1.796827403485858099e+01
-1.892035031958607050e+01
-1.956542250680130834e+01
-1.980925010298476963e+01
-1.961162209271536838e+01
-1.900556886499981957e+01
-1.807980610183700065e+01
-1.696932891478536476e+01
-1.581656831110906225e+01
-1.475086912826443886e+01
-1.384643213822764274e+01
-1.311480010904069538e+01
-1.248274722454835839e+01
-1.182581662916028087e+01
-1.098795415524488917e+01
-9.928848013376072146e+00
-8.707217228923457952e+00
-7.382151123131406756e+00
-6.047708869971384793e+00
-4.813514776782042759e+00
-3.783856844400814712e+00
-3.034446914093029246e+00
-2.583203321120975282e+00
-2.393839741643367880e+00
-2.359838184267559313e+00
-2.392902679008755751e+00
-2.608161155942646303e+00
-3.093792413252108631e+00
-3.879162595805976999e+00
-4.931635105229956295e+00
-6.169496971820465525e+00
-7.483435028933838495e+00
-8.766042343449587548e+00
-9.926445083793149493e+00
-1.091535631433363207e+01
-1.169896488164290638e+01
-1.228101662368322344e+01
-1.280937410964587286e+01
-1.343455443924852588e+01
-1.424811817681729131e+01
-1.525771902072782638e+01
-1.639099444296488883e+01
-1.751689650633205275e+01
-1.848055492797949029e+01
-1.913630297434300687e+01
-1.938060350436145995e+01
-1.917297974810750816e+01
-1.854740768202826828e+01
-1.760230607585152285e+01
-1.648092124596063712e+01
-1.533836056299221262e+01
-1.430959235523940087e+01
-1.347285274530671373e+01
-1.282873619109299845e+01
-1.229157586381110612e+01
-1.171580233934472837e+01
-1.094596972791898359e+01
-9.965349031458078599e+00
-8.809036448609040448e+00
-7.521331686582507281e+00
-6.190940826899153038e+00
-4.923021270470893995e+00
-3.828513203399968479e+00
-2.991074682597914869e+00
-2.449898827949751556e+00
-2.177776539207827433e+00
-2.100565209115479171e+00
-2.113082749099090218e+00
-2.223247809989530310e+00
-2.540525419783381977e+00
-3.134179036715321054e+00
-4.024628730517478381e+00
-5.166290305072811506e+00
-6.471138121650495734e+00
-7.828351649919737199e+00
-9.133349515724015433e+00
-1.030497477065545908e+01
-1.129086235927756121e+01
-1.204410233273656949e+01
-1.267277997256714883e+01
-1.333197296180720670e+01
-1.413004942984212775e+01
-1.510782940190471813e+01
-1.622718448753593634e+01
-1.738828261935730879e+01
-1.845238510230175777e+01
-1.927508832963039254e+01
-1.973653050587016367e+01
-1.976704767543098740e+01
-1.936309555767266488e+01
-1.858743767518226875e+01
-1.755591518886771496e+01
-1.641137185298951451e+01
-1.529502342640689960e+01
-1.431205193020444533e+01
-1.350840851278623944e+01
-1.285225484357996173e+01
-1.224207140295018981e+01
-1.152754731498585983e+01
-1.058950437038561176e+01
-9.462539488220496509e+00
-8.204356397058761630e+00
-6.890320017632159733e+00
-5.628081427996525221e+00
-4.527028448497997459e+00
-3.684077670675055316e+00
-3.147211170819604664e+00
-2.911226722066225125e+00
-2.870561127393119527e+00
-2.927868806623367792e+00
-3.200370782131097158e+00
-3.778192864569056564e+00
-4.659461608920524966e+00
-5.788544668855448272e+00
-7.065339369345431386e+00
-8.380208650147118021e+00
-9.627292413864942944e+00
-1.073740818535219432e+01
-1.164810272635860500e+01
-1.234268590540306754e+01
-1.296177060432483685e+01
-1.364545830653167968e+01
-1.448737511276228140e+01
-1.550345134339133502e+01
-1.663923577776283480e+01
-1.778075658179695395e+01
-1.878707673951666024e+01
-1.951699459275744886e+01
-1.986377600665070986e+01
-1.977308834701157281e+01
-1.926047869757869790e+01
-1.840242098335957266e+01
-1.732500485223977904e+01
-1.617111717873373777e+01
-1.507658136460618969e+01
-1.413091360885039549e+01
-1.336390030816826169e+01
-1.272247793109130853e+01
-1.209489389120950520e+01
-1.132301202265967355e+01
-1.032377233464890587e+01
-9.155438604328660190e+00
-7.874166816265441682e+00
-6.568606201522923627e+00
-5.347720100115310515e+00
-4.320905945248140867e+00
-3.573253745368619949e+00
-3.139158308387835383e+00
-2.986590929829995744e+00
-2.984789578682689015e+00
-3.112863965554657497e+00
-3.507353592754154370e+00
-4.215441487235874085e+00
-5.214801371845972255e+00
-6.425326033514313195e+00
-7.743258729769205928e+00
-9.054963481106629075e+00
-1.027246194616766672e+01
-1.131956522454208880e+01
-1.214118231752042121e+01
-1.283901156638501639e+01
-1.355541393243467141e+01
-1.438943185869091401e+01
-1.538123421383780531e+01
-1.649696104821670772e+01
-1.764967739762237642e+01
-1.871079316730962105e+01
-1.954688022003375991e+01
-2.004032481407181621e+01
-2.012181127192122077e+01
-1.977769255392830061e+01
-1.906107526940883901e+01
-1.807171388448701776e+01
-1.694350678608148542e+01
-1.580712613960328916e+01
-1.477110170034345948e+01
-1.388654125422372232e+01
-1.314564394908468792e+01
-1.246326883224096882e+01
-1.171618705378848802e+01
-1.076348519804144210e+01
-9.613722958404995467e+00
-8.348220489865381566e+00
-7.045106708906931026e+00
-5.812829910102367492e+00
-4.762736467290259235e+00
-3.984647121957487048e+00
-3.529276101075593974e+00
-3.353418958723095589e+00
-3.360914143869695003e+00
-3.553576674776797617e+00
-4.027009895799544381e+00
-4.824722497322695425e+00
-5.893448730817504533e+00
-7.145646819445788722e+00
-8.467531590991974610e+00
-9.755516167273727390e+00
-1.091797705813320540e+01
-1.187669797799744487e+01
-1.267381456188867617e+01
-1.344056596654572111e+01
-1.427698373497700857e+01
-1.524136017866365833e+01
-1.632193392566599854e+01
-1.745833884604226327e+01
-1.854271742776315435e+01
-1.945344158419115388e+01
-2.007107476076569696e+01
-2.031312918931011424e+01
-2.014205725003876779e+01
-1.958262144512406877e+01
-1.870749394307481950e+01
-1.763080314655902825e+01
-1.647505292833314172e+01
-1.535446278671518350e+01
-1.434101522267793527e+01
-1.345958565471523549e+01
-1.266634134257694910e+01
-1.186791329048234189e+01
-1.093295713990343465e+01
-9.779595825987565050e+00
-8.480150481102487703e+00
-7.125208292522894560e+00
-5.809546961213071015e+00
-4.647308743045377888e+00
-3.728629738999566179e+00
-3.114226465841953395e+00
-2.782900558276771630e+00
-2.689181122702314575e+00
-2.740099590188912693e+00
-2.933898614098012558e+00
-3.378073376371355074e+00
-4.098713319824852874e+00
-5.079126595043117476e+00
-6.248047639932738484e+00
-7.511522762360108629e+00
-8.767709583507071969e+00
-9.934101603296916494e+00
-1.095138252720828120e+01
-1.176598536158080854e+01
-1.243699819009134799e+01
-1.310912133437002325e+01
-1.389003542763757970e+01
-1.483204492384903084e+01
-1.590827694776052326e+01
-1.703619242827937086e+01
-1.808859291683662462e+01
-1.893077221863840975e+01
-1.944182853162559255e+01
-1.954808340632960295e+01
-1.923137102874726523e+01
-1.854036393733031574e+01
-1.757229989259915115e+01
-1.645945331614487017e+01
-1.533228360526549316e+01
-1.429787222104659783e+01
-1.340405432003124808e+01
-1.263974533540589462e+01
-1.192180938342622731e+01
-1.115067861558922147e+01
-1.022076129470031347e+01
-9.074439318258432863e+00
-7.777727546166767425e+00
-6.406378992691847962e+00
-5.059713703256933925e+00
-3.847907471053618078e+00
-2.869672619701686411e+00
-2.185408306328591177e+00
-1.799607285400832923e+00
-1.639020934390270634e+00
-1.577718674490994344e+00
-1.676964274471236749e+00
-2.050040470680210891e+00
-2.717163377418721382e+00
-3.639884029364976126e+00
-4.725757180669678092e+00
-5.861476338100477967e+00
-6.930275940250366418e+00
-7.837938193557802080e+00
-8.522311409491869938e+00
-8.964466353162780621e+00
-9.183265658227137251e+00
-9.228189396595986693e+00
-9.160035963896230982e+00
-9.035996896124981248e+00
-8.891020953500618162e+00
-8.728981726797458762e+00
-8.519475266174664441e+00
-8.209979832549541001e+00
-7.738966764912026619e+00
-7.055291322858538550e+00
-6.132641178528228210e+00
-4.982688187816471270e+00
-3.655993414295796828e+00
-2.237852435982333965e+00
-8.331906092907517269e-01
4.514054903523624374e-01
1.532970512978047539e+00
2.375775238218747809e+00
3.007109204035085970e+00
3.509877705818937876e+00
3.977513143899007897e+00
4.394499924250833800e+00
4.747268978485998048e+00
5.047405061784691505e+00
5.301002039474814076e+00
5.515840018464778893e+00
5.696993303231380423e+00
5.850038666341145444e+00
5.978847560034365571e+00
6.087448295412193566e+00
6.178690241317662313e+00
6.255472627811784925e+00
6.319853347953126033e+00
6.373915964199032835e+00
6.419134870099888701e+00
6.457010308617280536e+00
6.488594378264286533e+00
6.514967924483593187e+00
6.536876427603320217e+00
6.555095581413662664e+00
6.570147117907923828e+00
6.582584880171817865e+00
6.592770185936366545e+00
6.601098338588449188e+00
6.607819096161188455e+00
6.613216769989359811e+00
6.617464971313885336e+00
6.620770283168582182e+00
6.623253874997227619e+00
6.625066338612844774e+00
6.626291470705552911e+00
6.627038472478310460e+00
6.627364174885231662e+00
6.627347291865215873e+00
6.627025860264100565e+00
6.626456690479900935e+00
6.625665384060575036e+00
6.624693558164286067e+00
6.623558897943861545e+00
6.622292149024040953e+00
6.620905743881789540e+00
6.619422275798344302e+00
6.617850423421858252e+00
6.616206415570125898e+00
6.614496212059504998e+00
6.612731136715030544e+00
6.610915412812100378e+00
6.609056827485788155e+00
6.607158693442876540e+00
6.605226278130059470e+00
6.603262498730719798e+00
6.601270770535871968e+00
6.599253884029919526e+00
6.597213773807858672e+00
6.595153162539405756e+00
6.593072748218806289e+00
6.590975215109719620e+00
6.588860237279678067e+00
6.586730533515996910e+00
6.584585025506826561e+00
6.582426550896465223e+00
6.580253483442541018e+00
6.578068844320349662e+00
6.575870586226450598e+00
6.573661968924656485e+00
6.571440649803524714e+00
6.569209962139815673e+00
6.566967274618248140e+00
6.564716061821885162e+00
6.562453409490886180e+00
6.560182864544252368e+00
6.557901334852018316e+00
6.555612444284721008e+00
6.553312936014211054e+00
6.551006517559114783e+00
6.548689847423911026e+00
6.546366725033695211e+00
6.544033780276105716e+00
6.541694873918526554e+00
6.539346569483073246e+00
6.536992732593573052e+00
6.534629882105171816e+00
6.532261887381372034e+00
6.529885208194726509e+00
6.527503687082348627e+00
6.525113768014470850e+00
6.522719285143424806e+00
6.520316709356734464e+00
6.517909871336495797e+00
6.515495268262936790e+00
6.513076744437359622e+00
6.510650843434681256e+00
6.508221360375735287e+00
6.505784843698037001e+00
6.503345006487220914e+00
6.500898424609617088e+00
6.498448758650743784e+00
6.495992628009467751e+00
6.493533611749980672e+00
6.491068389397163685e+00
6.488600513448939289e+00
6.486126750936337615e+00
6.483650598144047983e+00
6.481168879124926008e+00
6.478684994859774449e+00
6.476195833018201675e+00
6.473704719043247735e+00
6.471208591294465684e+00
6.468710679648213890e+00
6.466207972293638306e+00
6.463703626063122876e+00
6.461194721827807186e+00
6.458684360388792456e+00
6.456169715655551755e+00
6.453653807040568680e+00
6.451133888220935475e+00
6.448612873658855271e+00
6.446088075518350280e+00
6.443562320360006979e+00
6.441032977523502012e+00
6.438502773707783788e+00
6.435969170732422029e+00
6.433434813861170554e+00
6.430897269174878694e+00
6.428359113821083604e+00
6.425817996781593600e+00
6.423276401330329399e+00
6.420732050243359801e+00
6.418187339517056778e+00
6.415640051258649557e+00
6.413092467324599255e+00
6.410542452269912594e+00
6.407992193038327677e+00
6.405439661497747572e+00
6.402886966435817229e+00
6.400332160021047656e+00
6.397777271515876052e+00
6.395220456770323025e+00
6.392663670198958314e+00
6.390105135769540645e+00
6.387546684241610429e+00
6.384986598244950073e+00
6.382426611606474509e+00
6.379865111048577120e+00
6.377303749732264215e+00
6.374740976768536349e+00
6.372178376739629613e+00
6.369614495030226919e+00
6.367050859387955342e+00
6.364486116725130316e+00
6.361921684126395249e+00
6.359356256840392518e+00
6.356791143858055548e+00
6.354225128555263780e+00
6.351659439221400305e+00
6.349092935129817761e+00
6.346526759856258693e+00
6.343959852555952850e+00
6.341393285148055448e+00
6.338826086631799583e+00
6.336259268870739980e+00
6.333691939047609409e+00
6.331125025819439145e+00
6.328557699580561469e+00
6.325990782982989558e+00
6.323423519884253885e+00
6.320856660127092574e+00
6.318289525316722610e+00
6.315722774373410786e+00
6.313155800498707393e+00
6.310589195325698064e+00
6.308022451084561055e+00
6.305456109837946244e+00
6.302889731781166738e+00
6.300323759458946959e+00
6.297757812146819845e+00
6.295192260751535152e+00
6.292626799209561916e+00
6.290061706956529441e+00
6.287496746589899210e+00
6.284932128594549638e+00
6.282367703356984912e+00
6.279803615739592004e+00
6.277239771041946526e+00
6.274676248699059933e+00
6.272113032653989784e+00
6.269550149789686166e+00
6.266987644043656935e+00
6.264425448557320308e+00
6.261863660793693498e+00
6.259302144826712322e+00
6.256741087310705218e+00
6.254180288412956479e+00
6.251619977170618903e+00
6.249059881735631095e+00
6.246500323883109829e+00
6.243940985562938195e+00
6.241382251768508915e+00
6.238823727057682511e+00
6.236265837182848770e+00
6.233708115785295156e+00
6.231151063938411561e+00
6.228594158748809839e+00
6.226037952136318943e+00
6.223481853155590215e+00
6.220926487585221487e+00
6.218371205725418349e+00
6.215816706274274850e+00
6.213262282853627028e+00
6.210708680525372394e+00
6.208155126583100092e+00
6.205602418315066870e+00
6.203049728331929025e+00
6.200497906472359766e+00
6.197946072170172904e+00
6.195395145802724990e+00
6.192844164034263521e+00
6.190294109355477303e+00
6.187743977774442072e+00
6.185194817212677165e+00
6.182645581865345186e+00
6.180097352538671984e+00
6.177549006655533859e+00
6.175001677179436044e+00
6.172454187914405921e+00
6.169907735910007851e+00
6.167361093538271888e+00
6.164815504950427183e+00
6.162269699728217809e+00
6.159724998718293598e+00
6.157180077964405918e+00
6.154636288501795782e+00
6.152092243082682543e+00
6.149549342865550550e+00
6.147006152717755079e+00
6.144464126350948519e+00
6.141921769575214185e+00
6.139380575509393978e+00
6.136839016622340104e+00
6.134298654726812572e+00
6.131757919540429036e+00
6.129218411018349855e+00
6.126678493977566475e+00
6.124139831483202734e+00
6.121600750987676420e+00
6.119062952946010547e+00
6.116524703336709834e+00
6.113987730349851546e+00
6.111450258517289846e+00
6.108914074658519766e+00
6.106377363059031005e+00
6.103841956233343247e+00
6.101305999938263724e+00
6.098771374694335279e+00
6.096236191395052018e+00
6.093702366567327111e+00
6.091167950080803806e+00
6.088634902368572632e+00
6.086101230190038791e+00
6.083568945730384314e+00
6.081036011972098088e+00
6.078504467211272910e+00
6.075972242341936003e+00
6.073441421990950495e+00
6.070909893450121331e+00
6.068379788283110088e+00
6.065848955620842808e+00
6.063319561375809741e+00
6.060789414596716718e+00
6.058260727032273252e+00
6.055731269638429559e+00
6.053203285856416649e+00
6.050674492240150748e+00
6.048147169837518433e+00
6.045619003207589159e+00
6.043092324323585451e+00
6.040564790911132853e+00
6.038038765211579673e+00
6.035511853246586789e+00
6.032986452287937063e+00
6.030460142510416510e+00
6.027935371464118397e+00
6.025409675851311597e+00
6.022885523552697684e+00
6.020360405891200806e+00
6.017836831101032402e+00
6.015312275920488894e+00
6.012789286205989292e+00
6.010265295352204440e+00
6.007742865953497713e+00
6.005219401976396476e+00
6.002697517275334960e+00
6.000174589759031285e+00
5.997653264144392260e+00
5.995130860255589944e+00
5.992610055486923493e+00
5.990088144474070120e+00
5.987567839826218652e+00
5.985046409691888947e+00
5.982526595819726900e+00
5.980005636160528049e+00
5.977486310852855311e+00
5.974965827400678720e+00
5.972446982476544264e+00
5.969926945031185817e+00
5.967408548675855684e+00
5.964888942792903492e+00
5.962370991741146042e+00
5.959851803352203881e+00
5.957334269767085466e+00
5.954815478215066626e+00
5.952298352183946761e+00
5.949779954217839339e+00
5.947263235991453456e+00
5.944745213968722020e+00
5.942228874465020461e+00
5.939711219452975755e+00
5.937195256879230776e+00
5.934677955058026200e+00
5.932162344089397799e+00
5.929645369501627350e+00
5.927130088167540833e+00
5.924613422283249164e+00
5.922098461293852090e+00
5.919582093018173730e+00
5.917067445892206123e+00
5.914551380534775582e+00
5.912037031084402372e+00
5.909521250816694327e+00
5.907007188883277138e+00
5.904491671074599601e+00
5.901977883852389972e+00
5.899462610766219584e+00
5.896949071712927370e+00
5.894434023621782259e+00
5.891920711148772583e+00
5.889405871717745988e+00
5.886892769068600373e+00
5.884378125534626136e+00
5.881865236176357925e+00
5.879350796867690576e+00
5.876838113937276731e+00
5.874323853446289156e+00
5.871811357143674748e+00
5.869297263049805480e+00
5.866784922155301452e+00
5.864270966213095626e+00
5.861758763854901133e+00
5.859244926572135803e+00
5.856732860484049397e+00
5.854219147051191285e+00
5.851707208681603767e+00
5.849193594969558596e+00
5.846681755856137919e+00
5.844168231723029017e+00
5.841656487912797679e+00
5.839143044125548521e+00
5.836631380572367078e+00
5.834117989531732995e+00
5.831606380068880213e+00
5.829093023907013560e+00
5.826581448708713751e+00
5.824068113417290249e+00
5.821556560548968307e+00
5.819043238993145906e+00
5.816531709670564432e+00
5.814018390130486935e+00
5.811506869460631108e+00
5.808993539450604260e+00
5.806482000584709979e+00
5.803968633255403908e+00
5.801457064274869069e+00
5.798943653206594107e+00
5.796432043679705437e+00
5.793918568097889299e+00
5.791406882199339634e+00
5.788893314404724322e+00
5.786381555938960197e+00
5.783867915356464273e+00
5.781356084395907757e+00
5.778842346899945248e+00
5.776330412545126691e+00
5.773816554780655252e+00
5.771304505122182071e+00
5.768790507217968155e+00
5.766278307354176569e+00
5.763764137176460522e+00
5.761251781032663999e+00
5.758737465731464056e+00
5.756224972104566184e+00
5.753710490629110552e+00
5.751197821644252528e+00
5.748683135974404834e+00
5.746170263078766993e+00
5.743655362121269370e+00
5.741142278822136014e+00
5.738627159844233994e+00
5.736113856872767869e+00
5.733598499707942331e+00
5.731084959190430261e+00
5.728569348457189570e+00
5.726055563767401324e+00
5.723539697759142619e+00
5.721025654704389396e+00
5.718509498694745119e+00
5.715995149382059992e+00
5.713478682042837598e+00
5.710964037150558781e+00
5.708447263646559300e+00
5.705932314568944896e+00
5.703415208155775851e+00
5.700899933116043705e+00
5.698382503371261620e+00
5.695866914208714604e+00
5.693349145942550038e+00
5.690833186296521795e+00
5.688315008347201385e+00
5.685798641420015009e+00
5.683280070059905320e+00
5.680763339503097420e+00
5.678244391379929645e+00
5.675727276482998462e+00
5.673207920405338278e+00
5.670690402963644239e+00
5.668170643125362673e+00
5.665652718268442634e+00
5.663132517823986412e+00
5.660614132890215977e+00
5.658093445263709498e+00
5.655574580961596709e+00
5.653053413159923046e+00
5.650534082585137341e+00
5.648012431080497109e+00
5.645492622998195209e+00
5.642970489736522488e+00
5.640450205242243165e+00
5.637927592289369016e+00
5.635406822590262266e+00
5.632883691684133609e+00
5.630362385813978854e+00
5.627838679383258658e+00
5.625316794018769606e+00
5.622792501165933210e+00
5.620270053886867956e+00
5.617745203526236963e+00
5.615222209727742886e+00
5.612696795760138357e+00
5.610173235115829549e+00
5.607647242846940827e+00
5.605123120478124221e+00
5.602596535646559239e+00
5.600071799842986309e+00
5.597544561138336761e+00
5.595019165054567090e+00
5.592491267191303628e+00
5.589965230921604800e+00
5.587436683993276532e+00
5.584909997471354970e+00
5.582380780753580574e+00
5.579853448619243039e+00
5.577323598341527244e+00
5.574795648655831215e+00
5.572265142298958196e+00
5.569736499339221325e+00
5.567205260502781528e+00
5.564675893045368582e+00
5.562143926661253346e+00
5.559613849564592591e+00
5.557081150412043868e+00
5.554550343503785292e+00
5.552016911377863906e+00
5.549485398389416346e+00
5.546951252356956630e+00
5.544419017932040283e+00
5.541884108474330439e+00
5.539351104932022096e+00
5.536815416558556358e+00
5.534281650126264829e+00
5.531745176036718448e+00
5.529210630737016352e+00
5.526673353862136651e+00
5.524138022575055373e+00
5.521599957705236150e+00
5.519063847509282361e+00
5.516524981882821699e+00
5.513988080927241242e+00
5.511448389363476252e+00
5.508910659566620183e+00
5.506370110364080972e+00
5.503831540565959024e+00
5.501290148965735760e+00
5.498750767203832268e+00
5.496208549671688814e+00
5.493668350142820067e+00
5.491125294967271309e+00
5.488584273979715711e+00
5.486040366066862184e+00
5.483498487968285318e+00
5.480953680203869638e+00
5.478410913604231602e+00
5.475865206021875764e+00
5.473321584104576587e+00
5.470775012579036201e+00
5.468230549492001380e+00
5.465683123357412576e+00
5.463137825449395635e+00
5.460589533000986151e+00
5.458043390475307177e+00
5.455494219437620806e+00
5.452947201027305901e+00
5.450397105412276844e+00
5.447849175109439557e+00
5.445298148772414137e+00
5.442749339559309618e+00
5.440197448028878391e+00
5.437647813897600102e+00
5.435095065951125015e+00
5.432544612142670815e+00
5.429991019699627941e+00
5.427439738487713328e+00
5.424885262140596076e+00
5.422333091774246938e+00
5.419777676005785416e+00
5.417224621556491648e+00
5.414668322409077028e+00
5.412114449855756959e+00
5.409557320430478100e+00
5.407002669988243859e+00
5.404444738117689440e+00
5.401889330767253306e+00
5.399330597210472149e+00
5.396774407510798177e+00
5.394214847838337157e+00
5.391657865294754437e+00
5.389097456757728999e+00
5.386539669077724746e+00
5.383978447580664017e+00
5.381419938799972158e+00
5.378857987740206070e+00
5.376298835455729730e+00
5.373736202782328775e+00
5.371176424020871032e+00
5.368613130734374295e+00
5.366052744927865881e+00
5.363488774854446639e+00
5.360927743447172489e+00
5.358363072311049358e+00
5.355801434910425485e+00
5.353236147179314841e+00
5.350674004771958536e+00
5.348108187353822984e+00
5.345545617915151482e+00
5.342979344078330861e+00
5.340416399695786964e+00
5.337849695861579313e+00
5.335286393572777008e+00
5.332719260062221522e+00
5.330155620573753694e+00
5.327588097686783541e+00
5.325024182218145441e+00
5.322456352114099509e+00
5.319892273208910005e+00
5.317324269937072856e+00
5.314760153909607432e+00
5.312192065049368139e+00
5.309627984956631686e+00
5.307059855916684832e+00
5.304495853042009657e+00
5.301927722651683439e+00
5.299363845754946567e+00
5.296795793170703703e+00
5.294232168187183341e+00
5.291664342061820570e+00
5.289101128489815729e+00
5.286533681953320851e+00
5.283971047423995593e+00
5.281404104548521161e+00
5.278842129749032885e+00
5.276275746646996723e+00
5.273714486189341244e+00
5.271148744716749768e+00
5.268588350063290626e+00
5.266023414221438159e+00
5.263464050894048007e+00
5.260900101992540989e+00
5.258342008328311223e+00
5.255779281052492813e+00
5.253222660101190655e+00
5.250661299665058124e+00
5.248106262817447742e+00
5.245546370028673522e+00
5.242993054599925706e+00
5.240434773876999408e+00
5.237883358825214053e+00
5.235326896106659689e+00
5.232777656366804919e+00
5.230223316201869643e+00
5.227676559333593431e+00
5.225124611665178165e+00
5.222580587060463131e+00
5.220031225358174432e+00
5.217490115639266790e+00
5.214943503052334783e+00
5.212405496789703996e+00
5.209861846500196236e+00
5.207327231019029057e+00
5.204786853865559948e+00
5.202255975388224485e+00
5.199719223123977052e+00
5.197192467199618804e+00
5.194659690008891495e+00
5.192137383312323884e+00
5.189608837509690709e+00
5.187091225441499809e+00
5.184567136750735550e+00
5.182054494510323295e+00
5.179535149180795273e+00
5.177027832231278381e+00
5.174513616920554782e+00
5.172012090785677252e+00
5.169503457437137683e+00
5.167008184520499370e+00
5.164505521942252209e+00
5.162016860124786000e+00
5.159520446101246272e+00
5.157038679871520870e+00
5.154548772448195315e+00
5.152074237982263938e+00
5.149591189847898320e+00
5.147124333453088063e+00
5.144648574905273719e+00
5.142189880476655262e+00
5.139721846331835486e+00
5.137271756361653452e+00
5.134811776710445308e+00
5.132370581451228375e+00
5.129918821302250187e+00
5.127486711447376777e+00
5.125043300934663648e+00
5.122620480309738156e+00
5.120185582183193418e+00
5.117772316651683084e+00
5.115346115921122205e+00
5.112942595805784585e+00
5.110525094629743137e+00
5.108131238634123328e+00
5.105722111566275423e+00
5.103337524496883937e+00
5.100936108068470531e+00
5.098560060055002729e+00
5.096165395474320903e+00
5.093796932698400504e+00
5.091407808765960219e+00
5.089045587835332896e+00
5.086660170241406043e+00
5.084302121098557947e+00
5.081917731595935628e+00
5.079560600162620787e+00
5.077173111467643274e+00
5.074812285703998782e+00
5.072416182648948890e+00
5.070045550193266415e+00
5.067633654864155623e+00
5.065245178973828644e+00
5.062807919581454819e+00
5.060390763357607291e+00
5.057915274884532408e+00
5.055454539080106890e+00
5.052923047638904208e+00
5.050398521846967803e+00
5.047787447775976766e+00
5.045172476146428941e+00
5.042450938757077950e+00
5.039710550961226332e+00
5.036837902031100711e+00
5.033925702847675154e+00
5.030847713947535382e+00
5.027701256310017186e+00
5.024344715197284650e+00
5.020879668234793591e+00
5.017146301877037473e+00
5.013250069622683824e+00
5.009009450273428143e+00
5.004532839177947778e+00
4.999612090800670039e+00
4.994356474857990058e+00
4.988524264433658928e+00
4.982221902831231120e+00
4.975164725619651840e+00
4.967451307480459377e+00
4.958742555995787171e+00
4.949123055617289602e+00
4.938185075863179563e+00
4.925990945698297985e+00
4.912044983395861486e+00
4.896374171919150697e+00
4.878366851906259072e+00
4.857993605737909171e+00
4.834486442590354649e+00
4.807729106741890135e+00
4.776743675040076909e+00
4.741287732366360252e+00
4.700104479863216334e+00
4.652775785141249010e+00
4.597674790982970272e+00
4.534140918436058598e+00
4.460047531905895646e+00
4.374394024865058128e+00
4.274364336353944083e+00
4.158481248594530832e+00
4.022969864131900941e+00
3.865709310684068534e+00
3.681595370443778048e+00
3.467699058995665773e+00
3.217058917510074334e+00
2.925856335420790266e+00
2.584391720987081698e+00
2.188234823592386302e+00
1.723992366035675738e+00
1.225009143005717727e+00
6.679367351652251150e-01
-5.682975420963714414e-02
-1.011939347669517542e+00
-2.206758047091873731e+00
-3.587157224252544907e+00
-5.063329142750691680e+00
-6.532055795919684549e+00
-7.899285681601167397e+00
-9.104486291641498141e+00
-1.009505291749151823e+01
-1.086386090933453197e+01
-1.156077256608724113e+01
-1.232611551795660176e+01
-1.325396651301043960e+01
