-1.160442789277449194e+01
-1.226630139033855826e+01
-1.304614575669230447e+01
-1.364098856509493096e+01
-1.372678344524505967e+01
-1.319279509685233265e+01
-1.214642197101154153e+01
-1.082071750153804679e+01
-9.355371103958084689e+00
-7.764411923599968901e+00
-6.006208486770875155e+00
-4.122555487082268044e+00
-2.352044455899252817e+00
-8.382351730579311599e-01
1.349516623592691145e-01
4.771723435098803590e-01
5.638711448132940340e-01
4.067565969646732560e-01
-2.190212918437270673e-01
-1.213226231276366640e+00
-2.482453979821245049e+00
-3.903192785498006412e+00
-5.378739380758846167e+00
-6.823451972013277356e+00
-8.151769104767952356e+00
-9.309179345577781817e+00
-1.027450364893275037e+01
-1.100605536999561984e+01
-1.173174448192457753e+01
-1.264280994936829750e+01
-1.350559698749182580e+01
-1.397676484986965662e+01
-1.380931431865023740e+01
-1.302122490616330097e+01
-1.178942496887518310e+01
-1.033236107727881503e+01
-8.711149543479789870e+00
-6.893590726327643026e+00
-4.874820906407872023e+00
-2.814536478428958155e+00
-1.067266298591029949e+00
2.033832303097559968e-01
8.541298576216094229e-01
1.041385839225608345e+00
1.065367772821215198e+00
7.312829804620112339e-01
-5.021220373835091205e-02
-1.164752674839511171e+00
-2.511790195372885837e+00
-3.974486775750055045e+00
-5.461216987545313373e+00
-6.892831325034181056e+00
-8.181680086668045249e+00
-9.305540268042825858e+00
-1.020732415534538440e+01
-1.094963159177050649e+01
-1.182530316488158917e+01
-1.281330834803186214e+01
-1.357943663086655306e+01
-1.380479724974658140e+01
-1.335204440777387802e+01
-1.233780485532852289e+01
-1.096690564415188973e+01
-9.413114926475561361e+00
-7.662479807368582918e+00
-5.699750623237026304e+00
-3.566788065689913356e+00
-1.560644393611898106e+00
-1.976449337230545432e-04
1.000274410032614414e+00
1.405828119887438499e+00
1.500960880490081584e+00
1.418887280110704419e+00
9.975697734710647913e-01
1.375850408824617899e-01
-1.034545397914018672e+00
-2.432430588444094433e+00
-3.923504199453598851e+00
-5.423416061702702073e+00
-6.825120651586812137e+00
-8.035707542708863116e+00
-8.982005194296617034e+00
-9.618320589090773254e+00
-9.919207477245665316e+00
-9.872521517685520109e+00
-9.481489772795699267e+00
-8.756875962130202140e+00
-7.731315674044543229e+00
-6.448352621394315420e+00
-4.984828729933897584e+00
-3.424617082459065376e+00
-1.875313675561890214e+00
-4.029792433689103892e-01
8.859110411261851281e-01
1.925996790796676184e+00
2.629160041289802852e+00
3.054562499576828127e+00
3.443636658505944581e+00
3.770076800940462824e+00
4.026106103838125172e+00
4.223826986693333119e+00
4.378862055309861390e+00
4.497439219634374652e+00
4.590281912980000101e+00
4.660846439061527846e+00
4.716171509594166089e+00
4.758015475305416686e+00
4.790922813671389058e+00
4.815784514562106544e+00
4.835475658860879378e+00
4.850377811693958208e+00
4.862242917330579672e+00
4.871319285459491333e+00
4.878598913053032504e+00
4.884274462714768283e+00
4.888802498684746034e+00
4.892493368310740998e+00
4.895413391102129808e+00
4.897946340446805991e+00
4.899853739584491663e+00
4.901697782415833871e+00
4.903008342337384917e+00
4.904447641254768619e+00
4.905341428587361108e+00
4.906528589310902966e+00
4.907174036458310518e+00
4.908208184302800703e+00
4.908641808727083777e+00
4.909567512246272969e+00
4.909875368330764545e+00
4.910735291987615270e+00
4.910909293703541678e+00
4.911710714486874352e+00
4.911805276498379946e+00
4.912570996004004265e+00
4.912563878659444327e+00
4.913290462083194754e+00
4.913227118840347352e+00
4.913932871917198852e+00
4.913785383579513777e+00
4.914459553428263128e+00
4.914267691342963040e+00
4.914929255906505645e+00
4.914666566486991073e+00
4.915303304980833232e+00
4.915005741763379454e+00
4.915635148841018598e+00
4.915275377413704128e+00
4.915884138394351233e+00
4.915498251590485701e+00
4.916106981083981253e+00
4.915668034691065280e+00
4.916259421309513655e+00
4.915799726670162073e+00
4.916395366911156195e+00
4.915890899236343259e+00
4.916474514156111475e+00
4.915956258283240565e+00
4.916548885640070310e+00
4.915991847542731996e+00
4.916575450871759401e+00
4.916010786542430289e+00
4.916609881898494905e+00
4.916014445155948209e+00
4.892431644714027250e+00
4.822227301945832600e+00
4.717368771022708351e+00
4.590643095785162942e+00
4.465153569129583389e+00
4.359061931632430387e+00
4.290094872975717344e+00
4.265280347854444543e+00
4.265921771838264043e+00
4.265292040864907541e+00
4.265964780498450182e+00
4.265324297342314885e+00
4.266004566637824347e+00
4.265376906922847766e+00
4.266092979159698650e+00
4.265460267935786476e+00
4.266188326283148591e+00
4.265574340157755273e+00
4.266344349075509079e+00
4.265731206999884506e+00
4.266516038356898299e+00
4.265925026665046360e+00
4.266756587469190620e+00
4.266172377878796773e+00
4.267022736530069693e+00
4.266463890062661690e+00
4.267363101160810857e+00
4.266812580563703605e+00
4.267729551301296276e+00
4.267203524239490342e+00
4.268168604589861026e+00
4.267647846642777409e+00
4.268622051386667060e+00
4.268113700785786335e+00
4.269121642856712917e+00
4.268600689572592977e+00
4.269592581773355988e+00
4.269050974089815043e+00
4.270034203235625547e+00
4.269424968944328214e+00
4.270320915623980973e+00
4.269603320558494453e+00
4.270384043826596532e+00
4.269465597978980398e+00
4.269990168512453721e+00
4.268752815227199626e+00
4.268904475687708810e+00
4.267150092086967383e+00
4.266658291575903483e+00
4.264113091250462340e+00
4.262676400790509135e+00
4.258915795747546973e+00
4.255983293410324109e+00
4.250391699221250263e+00
4.245248487542407467e+00
4.236890303843749983e+00
4.228349033679745794e+00
4.215823877437060219e+00
4.202216288131991107e+00
4.183425940824976763e+00
4.162148736593032083e+00
4.133972458198981847e+00
4.101283712537222570e+00
4.059112643091296491e+00
4.009389025785764282e+00
3.946481676512894499e+00
3.871681471277361286e+00
3.778286181220416928e+00
3.666678058780346916e+00
3.528754070865925740e+00
3.363695408788633934e+00
3.161164587710879381e+00
2.918724313612083510e+00
2.622575969398500018e+00
2.268456867557429479e+00
1.837899130068983533e+00
1.381134962185696535e+00
8.352542405430395389e-01
-3.587424722619318024e-02
-1.180238321987953309e+00
-2.531710425990740809e+00
-3.994246311975336639e+00
-5.487608338633090277e+00
-6.938857721195875072e+00
-8.266348591206716279e+00
-9.412908481429841601e+00
-1.035851967875491297e+01
-1.107338020982773052e+01
