5.726083002225434093e+00
5.735498773028418817e+00
5.742612721844945867e+00
5.746772185072361872e+00
5.747057403625884575e+00
5.742100944974999344e+00
5.730469451325226338e+00
5.709569642567656977e+00
5.677029910469270746e+00
5.628166368122308860e+00
5.558942743075086845e+00
5.460948604423333741e+00
5.327255593978367898e+00
5.142615232057760721e+00
4.896090395578715615e+00
4.558694370029683363e+00
4.149227544287881209e+00
3.604900339171429824e+00
2.708699825929905991e+00
1.444714329168451439e+00
-2.733994910995143218e-02
-1.467696131144079041e+00
-2.690206090986901000e+00
-3.600383797049503620e+00
-4.211880892171031121e+00
-4.579487660775375168e+00
-4.750828008376336342e+00
-4.708210122240942042e+00
-4.393480503489399780e+00
-3.744329184443159431e+00
-2.778279701624254194e+00
-1.615171682325976965e+00
-4.832722303829056210e-01
3.733918462247837744e-01
7.941026496321575978e-01
8.405486907799597507e-01
7.488955360322716581e-01
5.287999208973188647e-01
-4.710220108778770919e-03
-8.375125970440669976e-01
-1.888482034956823874e+00
-3.118059465762993643e+00
-4.434750566565722529e+00
-5.791674033384017761e+00
-7.129721853915027552e+00
-8.394135600697628874e+00
-9.537573298302229219e+00
-1.053096888966911138e+01
-1.136669527446344929e+01
-1.203242740671578126e+01
-1.251926873953620678e+01
-1.302677019986703222e+01
-1.366149692933900539e+01
-1.431611466208515182e+01
-1.478605956307823277e+01
-1.488569014607523222e+01
-1.453990016384970829e+01
-1.379206945128210826e+01
-1.277322890160136026e+01
-1.161046729873523553e+01
-1.037052326114985590e+01
-9.036273358237838949e+00
-7.604252030876873292e+00
-6.046807851962130442e+00
-4.511711763759663540e+00
-3.110838903942221290e+00
-1.927800399391771391e+00
-1.167016458212852381e+00
-8.701839511926963144e-01
-8.021278017019025652e-01
-8.768813331672512534e-01
-1.288598427498429677e+00
-2.012152574072305633e+00
-2.970300687739784617e+00
-4.112836167475141913e+00
-5.352224415774395894e+00
-6.636518935832186550e+00
-7.908520304725266570e+00
-9.112365188699969920e+00
-1.020198006187242967e+01
-1.115023229342815370e+01
-1.193862023360895996e+01
-1.255090358187142030e+01
-1.309079891229940174e+01
-1.366392437255882086e+01
-1.422758533692851124e+01
-1.464673055724400363e+01
-1.482961746604913955e+01
-1.471370660181971068e+01
-1.427998194291295242e+01
-1.355760485159227535e+01
-1.261142146501351746e+01
-1.149650403765177131e+01
-1.023994410698293400e+01
-8.846263880580623962e+00
-7.369376261003444561e+00
-5.852195914619134243e+00
-4.464407418177973597e+00
-3.280883032564405610e+00
-2.296383456683936064e+00
-1.588768552330979134e+00
-1.105790841174372874e+00
-8.246265452378908067e-01
-8.688057223845213617e-01
-1.229553415648521275e+00
-1.848351866991963854e+00
-2.723598618130991689e+00
-3.809502063602572264e+00
-4.992565979899951323e+00
-6.192184898337230514e+00
-7.388257593897225917e+00
-8.538754058603009511e+00
-9.624066589416431228e+00
-1.065943816595112636e+01
-1.167075848959036399e+01
-1.259257367889697754e+01
-1.337170663529334647e+01
-1.402702624975929346e+01
-1.452785255262682718e+01
-1.481751693924370805e+01
-1.485340565622584386e+01
-1.461910150128511710e+01
-1.410593229683687611e+01
-1.329992300052789034e+01
-1.224116569447417824e+01
-1.098087337135389419e+01
-9.547467700857481532e+00
-7.992695610082307667e+00
-6.359229698613201975e+00
-4.758477139370290487e+00
-3.253047082150315905e+00
-1.862038025865469626e+00
-6.781898958902756736e-01
1.923630264420279623e-01
8.189349392967778529e-01
1.333368230703025459e+00
1.718373408277030556e+00
2.004993742948766311e+00
2.243668935900562822e+00
2.438062650343294724e+00
2.593564094875975279e+00
2.718609238561235930e+00
2.820123131000075833e+00
2.903117489197086343e+00
2.971754849039959900e+00
3.029142960932655892e+00
3.077729314462586352e+00
3.119489334435034955e+00
3.155808943194825744e+00
3.187988758225138497e+00
3.216764644420329944e+00
3.243046425731023863e+00
3.267169218390781449e+00
3.289812335273385902e+00
3.311054729921753204e+00
3.331443281330398687e+00
3.350894693721180317e+00
3.369882535441475646e+00
3.388218024457413158e+00
3.406336074707777772e+00
3.423976021368333011e+00
3.441552967491180670e+00
3.458757305394131620e+00
3.475997334667308980e+00
3.492928883807326024e+00
3.509959872514496482e+00
3.526720220646631709e+00
3.543621499432152877e+00
3.560274066472707943e+00
3.577095020470971942e+00
3.593679366496961514e+00
3.610451028996667144e+00
3.626992305055052324e+00
3.643733754504634881e+00
3.660247093026527399e+00
3.676970252516996496e+00
3.693465812621440580e+00
3.710178156222951440e+00
3.726661781872204759e+00
3.743367825433402629e+00
3.759843504653854307e+00
3.776546022559323035e+00
3.793016041155451212e+00
3.809716853878506893e+00
3.826182993957812251e+00
3.842883102637551840e+00
3.859346123111492943e+00
3.876046213811215058e+00
3.892506999594808725e+00
3.909207396156735737e+00
3.925666108255191133e+00
3.942367090389219175e+00
3.958824287154548482e+00
3.975526001757552663e+00
3.991981871870746268e+00
4.008684513674079852e+00
4.025139217950902903e+00
4.041842671747118310e+00
4.058296118439270295e+00
4.075000356699913340e+00
4.091452805119287994e+00
4.108157947307135238e+00
4.124609388015000100e+00
4.141315414210694712e+00
4.157765975356683796e+00
4.174472709391405800e+00
4.190922169080503856e+00
4.207629672498820028e+00
4.224078394439652939e+00
4.240786672253436862e+00
4.257234430198471919e+00
4.273943471981858089e+00
4.290390544061389200e+00
4.307100283140764319e+00
4.323546481478264703e+00
4.340256953869721990e+00
4.356702479120069249e+00
4.373413629420572768e+00
4.389858365371388516e+00
4.406570252301492907e+00
4.423014425248506853e+00
4.439726971882100415e+00
4.456170349838750155e+00
4.472883554272482520e+00
4.489326408092933818e+00
4.506040262162378518e+00
4.522482378099444311e+00
4.539196881907500369e+00
4.555638562349583864e+00
4.572353699997673715e+00
4.588794664074201890e+00
4.605510353202586948e+00
4.621950877050156059e+00
4.638667139314635257e+00
4.655107068341579613e+00
4.671823986462429801e+00
4.688263562539965790e+00
4.704980954082483180e+00
4.721419853502569097e+00
4.738137722501406301e+00
4.754576314410972060e+00
4.771294707348212150e+00
4.787732764055919965e+00
4.804451632219913115e+00
4.820889426441874903e+00
4.837608699276232826e+00
4.854045951580781448e+00
4.870765602473958289e+00
4.887202665207951213e+00
4.903922667860485696e+00
4.920359289368922973e+00
4.937079575433958922e+00
4.953516043826978965e+00
4.970236590049149861e+00
4.986672707962707563e+00
5.003393450160677602e+00
5.019829545810763349e+00
5.036550390698766755e+00
5.052986160081146316e+00
5.069706974302482294e+00
5.086142824500729631e+00
5.102863605056371377e+00
5.119299250364218956e+00
5.136019702638593643e+00
5.152455458043888825e+00
5.169175499038646038e+00
5.185611074293611900e+00
5.202330380398124454e+00
5.218766063238628128e+00
5.235484246573923528e+00
5.251919444095225487e+00
5.268635827160451868e+00
5.285070581639357279e+00
5.301784362901736714e+00
5.318217896938785216e+00
5.334927909569080029e+00
5.351359243235537910e+00
5.368062997255364621e+00
5.384489155604478938e+00
5.401182563443976292e+00
5.417600038399687179e+00
5.434277237572378461e+00
5.450678524285989646e+00
5.467328717316371822e+00
5.483701754025486430e+00
5.500307609811423859e+00
5.516631101911753987e+00
5.533163463836649143e+00
5.549401631954444802e+00
5.565810278961058621e+00
5.581899175160919491e+00
5.598098801617275022e+00
5.613932225581266700e+00
5.629779466974183855e+00
5.645171596921024992e+00
5.660416184463471723e+00
5.675045671397656477e+00
5.689260968646579819e+00
5.702578058941094596e+00
5.715032422480988750e+00
