9.494478529726064764e-01
8.089974602425976657e-01
7.919805344861624574e-01
8.048447873069541902e-01
7.712093018882392181e-01
5.934298359252223598e-01
-4.152003689868975778e-03
-1.001272107337953798e+00
-2.285181863343008768e+00
-3.749180069802049431e+00
-5.275703695515064240e+00
-6.781910228575916300e+00
-8.166931738478679037e+00
-9.366817096105151563e+00
-1.034902384759245741e+01
-1.110295779241336156e+01
-1.162615485539660298e+01
-1.221531858549112926e+01
-1.296342301699716515e+01
-1.359693832097230803e+01
-1.378150311741065082e+01
-1.334358317353415124e+01
-1.235790804376532215e+01
-1.103938487532115609e+01
-9.572844288370164989e+00
-7.984806106534125369e+00
-6.253970026869703602e+00
-4.372894845793356744e+00
-2.569970645338778059e+00
-1.000960316527711669e+00
8.876789463814376002e-02
5.066256643901451140e-01
5.793069907408943120e-01
4.520140995287990626e-01
-1.271166914534566927e-01
-1.108226128500920282e+00
-2.380907525058094887e+00
-3.831601138021925479e+00
-5.346160506228962994e+00
-6.841177969702105344e+00
-8.222366128117323925e+00
-9.424089349853074893e+00
-1.042197530627914581e+01
-1.118640778421952398e+01
-1.176130878533920843e+01
-1.245963640366310088e+01
-1.327845595322468597e+01
-1.391168359854550118e+01
-1.403344220884329019e+01
-1.352005262030954214e+01
-1.247727101033487607e+01
-1.113138684372253806e+01
-9.638563558186145741e+00
-8.003812862604707590e+00
-6.199849093891075746e+00
-4.257073362718249321e+00
-2.445374140131475915e+00
-9.513973233788668438e-01
9.448635296546744125e-03
3.275804165327587114e-01
3.854944140628159266e-01
1.603123642233969526e-01
-5.487815606858548190e-01
-1.615031938071673556e+00
-2.949406687710531383e+00
-4.416221992438337018e+00
-5.925235007961263456e+00
-7.379109711897865687e+00
-8.696796955120639439e+00
-9.816824773031523677e+00
-1.073234722372588479e+01
-1.139795033880211328e+01
-1.195326011245107622e+01
-1.268320816459645428e+01
-1.346137391960253105e+01
-1.395880251471416322e+01
-1.388319074715596635e+01
-1.319094024817326805e+01
-1.202969667838320689e+01
-1.063538595434197731e+01
-9.106698768589925663e+00
-7.440186080924777734e+00
-5.597369148885209533e+00
-3.681982133602696994e+00
-1.961845324185200079e+00
-5.869868131924781407e-01
1.713623202931403022e-01
3.717126433051455847e-01
3.768489425503775969e-01
1.199234878918054026e-02
-8.170288340523584880e-01
-1.970853894180590871e+00
-3.360066670470256422e+00
-4.847236433849074544e+00
-6.353769960517491988e+00
-7.776276434137374238e+00
-9.044362273702203581e+00
-1.010706933329376866e+01
-1.095951908162306410e+01
-1.156368532805031890e+01
-1.216259369285195113e+01
-1.294340123508349194e+01
-1.367863587725726582e+01
-1.402926042837940557e+01
-1.376297216766091225e+01
-1.290899191530244750e+01
-1.165459794560462115e+01
-1.021758167704202336e+01
-8.646280836581144769e+00
-6.927518980686349082e+00
-5.032308593337367242e+00
-3.146952318040121988e+00
-1.512150236590713570e+00
-2.924270043587887113e-01
2.598619831598986130e-01
3.823687397656006515e-01
3.136990178596069656e-01
-1.990428892721853305e-01
-1.132702443859133767e+00
-2.368208165693000744e+00
-3.797267211369574014e+00
-5.298556180384680125e+00
-6.790378036855987176e+00
-8.174174360840698483e+00
-9.383799639498803913e+00
-1.038691106584047041e+01
-1.116453268086607586e+01
-1.172492189812425423e+01
-1.237163264386612660e+01
-1.316755850041677789e+01
-1.382633547357042225e+01
-1.401437274296614000e+01
-1.357120255647101104e+01
-1.258053736944746603e+01
-1.125944436148129491e+01
-9.786617217782259459e+00
-8.179226754509173247e+00
-6.414153036556987431e+00
-4.495507312944804212e+00
-2.669352634683443970e+00
-1.126442343321107487e+00
-7.768834497109126935e-02
3.057973442345058857e-01
3.798999915346157885e-01
2.100500007218329412e-01
-4.411254493645612174e-01
-1.467543161370679305e+00
-2.774702010260865048e+00
-4.232460989018501429e+00
-5.742647400452372430e+00
-7.211980894845614998e+00
-8.554547320081345774e+00
-9.705782123985764898e+00
-1.065385019728125826e+01
-1.135707271150113584e+01
-1.191578728495780304e+01
-1.263327073657013955e+01
-1.343023404533122900e+01
-1.398384759415622014e+01
-1.398646827448796870e+01
-1.336281504828760980e+01
-1.224545047601386649e+01
-1.086839064495268126e+01
-9.353668473143905260e+00
-7.699359260532891547e+00
-5.871780200333082789e+00
-3.942093168770110623e+00
-2.186581460545659716e+00
-7.622223825869165470e-01
7.660860515079097322e-02
3.180934623299968567e-01
3.455230924151885818e-01
3.555710662639031266e-02
-7.502382665889874014e-01
-1.871572863569471279e+00
-3.242033981613844151e+00
-4.722212168545830480e+00
-6.231392205201106371e+00
-7.666873859110514999e+00
-8.955272611982294961e+00
-1.004052448553040655e+01
-1.091930259590498586e+01
-1.154626512000548644e+01
-1.213309400307156771e+01
-1.290457072385474646e+01
-1.366213674097736153e+01
-1.406784069680263727e+01
-1.386714320426713698e+01
-1.306652227189787396e+01
-1.184114762382128205e+01
-1.041745157290386992e+01
-8.859137276571361852e+00
-7.155391715840225153e+00
-5.272796260201736196e+00
-3.370445632962988380e+00
-1.705612953379183283e+00
-4.328127426828483060e-01
1.843194258109419059e-01
3.282289359704069764e-01
2.856741607616228307e-01
-1.844949490355078658e-01
-1.089150746345024290e+00
-2.302576082576876182e+00
-3.721682177122203949e+00
-5.220395570987355072e+00
-6.718205603730538655e+00
-8.115698456490617829e+00
-9.344546046879916190e+00
-1.036935665581891541e+01
-1.117146735702892535e+01
-1.175235181829730813e+01
-1.240985834897086981e+01
-1.322113462498620073e+01
-1.390313927800478488e+01
-1.412140756568367905e+01
-1.370508299181081213e+01
-1.273325355498628753e+01
-1.141838503607496058e+01
-9.946850849380671988e+00
-8.335717540216412758e+00
-6.563885063843997614e+00
-4.629917520868375824e+00
-2.777689234065557233e+00
-1.217549270593980548e+00
-1.418633952663313491e-01
2.686675700986438931e-01
3.568048364495076119e-01
2.086090796262999036e-01
-4.205331132058028887e-01
-1.430248474496514710e+00
-2.726239401267338103e+00
-4.179064018020995697e+00
-5.690845276651615769e+00
-7.168260566523596111e+00
-8.527380726117030463e+00
-9.701526194353204957e+00
-1.068035220322804868e+01
-1.141292138754085528e+01
-1.203869561131996768e+01
-1.283694603439736603e+01
-1.368099128745404336e+01
-1.423408265231868874e+01
-1.420352630627875357e+01
-1.353545053874516491e+01
-1.237904601680364536e+01
-1.096284693973571400e+01
-9.399748812202082249e+00
-7.674643189757231809e+00
-5.768652462636366884e+00
-3.771602855019651646e+00
-1.994994547840002630e+00
-5.999136312194943699e-01
1.921189995117539850e-01
4.156770936464680988e-01
4.266651401004434851e-01
1.727998246127453175e-01
-5.409356031526650899e-01
-1.622779329795410064e+00
-2.971025042834425367e+00
-4.464102077373539146e+00
-5.993745492323744095e+00
-7.466763451528462880e+00
-8.773774940358988417e+00
-9.838399167472521967e+00
-1.060012993919994706e+01
-1.103141248931725471e+01
-1.111235468129633652e+01
-1.084468463033590169e+01
-1.023345474371445896e+01
-9.306274677212163837e+00
-8.100327872471288160e+00
-6.683195255180116590e+00
-5.135644522793305633e+00
-3.561884357872975748e+00
-2.043475601403735631e+00
-6.662930379579121709e-01
4.757727572797830762e-01
1.319262498683485774e+00
1.818952360074757024e+00
2.217608802701938941e+00
2.580067305544773593e+00
2.861767916419782232e+00
3.083925867323680237e+00
3.254486446788333431e+00
3.388258758349560029e+00
3.490043145666712920e+00
3.569756563081713185e+00
3.629728153154722303e+00
3.676903868281389265e+00
3.711896679027893775e+00
3.739692656831875350e+00
3.759858324710023236e+00
3.776236546968727126e+00
3.787735531390532540e+00
3.797392680384027663e+00
3.803775537011528485e+00
3.809505592986736744e+00
3.812949068835208344e+00
3.816374328906111391e+00
3.818073104048656852e+00
3.820164329208633802e+00
3.820894028588866398e+00
3.822195126309398727e+00
3.822329332050533157e+00
3.823180951588657006e+00
3.823016595408657015e+00
3.823597006554166899e+00
3.823227990708217838e+00
3.823659023247477418e+00
3.823216035824027692e+00
3.823552700128333814e+00
3.823037572363171321e+00
3.823328033825323935e+00
3.822814594811041466e+00
3.823071755837593066e+00
3.822530451359120285e+00
3.822776529472036611e+00
3.822261890430022735e+00
3.822496944857129986e+00
3.821969914777106236e+00
3.822206228757686119e+00
3.821713504761203861e+00
3.821947129512267782e+00
3.821447158089235963e+00
3.821686442883125423e+00
3.821222751566434539e+00
3.821462922749837787e+00
3.820993542756180528e+00
3.821240575851967414e+00
3.820807166017754941e+00
3.821056630986527924e+00
3.820617896665694069e+00
3.820874824700926098e+00
3.820471285907777848e+00
3.820731110530277697e+00
3.820321580222291846e+00
3.820587853808449452e+00
3.820211792844259602e+00
3.820481204370370421e+00
3.820098531060833746e+00
3.820373527121828428e+00
3.820022598155115023e+00
3.820300453421388465e+00
3.819942032627384965e+00
3.820224527826157068e+00
3.819896259188310772e+00
3.820181356602036615e+00
3.819844721375346808e+00
3.820133328604097933e+00
3.819825206293703701e+00
3.820116050798727070e+00
3.819798685675346750e+00
3.820091954872893769e+00
3.819801554539374866e+00
3.820096712477175860e+00
3.819796217147823914e+00
3.820092663670068944e+00
3.819817629492662459e+00
3.820115600341875695e+00
3.819829811067175118e+00
3.820128215184259268e+00
3.819866555915301554e+00
3.820166067092916062e+00
3.819892878199676378e+00
3.820191834889397509e+00
3.819941593083842069e+00
3.820241486478448856e+00
3.819979201457129214e+00
3.820277701903287415e+00
3.820037181426342965e+00
3.820336340181134549e+00
3.820083307112013937e+00
3.820380350855925311e+00
3.820148105709768149e+00
3.820445727657105994e+00
3.820200611663425949e+00
3.820495415001204265e+00
3.820270141684559917e+00
3.820565411498866304e+00
3.820327003663425369e+00
3.820618927530370357e+00
3.820399618723264279e+00
3.820691965599583906e+00
3.820459204205740811e+00
3.820747633321619929e+00
3.820533279877940114e+00
3.820822196923240543e+00
3.820594318049745031e+00
3.820878907178796524e+00
3.820668772304166794e+00
3.820953873634212794e+00
3.820730053908287349e+00
3.821010413806736672e+00
3.820803837000903425e+00
3.821084854449861457e+00
3.820864552058726549e+00
3.821140441047384151e+00
3.820936826694977029e+00
3.821213506996990805e+00
3.820996209132893728e+00
3.821267466178148720e+00
3.821066401927523337e+00
3.821338637536342286e+00
3.821123923854791382e+00
3.821390431524537057e+00
3.821191515215694334e+00
3.821459163403610582e+00
3.821246690589583217e+00
3.821508419691921343e+00
3.821311422916736422e+00
3.821574451841899034e+00
3.821363910661712993e+00
3.821620768177639516e+00
3.821425390803541600e+00
3.821683811813309628e+00
3.821475055842569635e+00
3.821727105797407376e+00
3.821533179370185884e+00
3.821787002259745769e+00
3.821579785443032673e+00
3.821827053962476572e+00
3.821634404936273377e+00
3.821883663731319825e+00
3.821677886968934512e+00
3.821920424987082399e+00
3.821728936341620919e+00
3.821973701231805798e+00
3.821769229710694216e+00
3.822007092525555816e+00
3.821816686722915968e+00
3.822057063856736381e+00
3.821853849479398324e+00
3.822087153744490706e+00
3.821897723974884364e+00
3.822133749586967166e+00
3.821931707822499469e+00
3.822160579449190632e+00
3.821972161527593226e+00
3.822203949198958561e+00
3.822003008882500108e+00
3.822227475100023142e+00
3.822039982828149274e+00
3.822267683490508716e+00
3.822067908186388863e+00
3.822288124168819579e+00
3.822101549202546078e+00
3.822325205329861308e+00
3.822126526390809964e+00
3.822342624579953441e+00
3.822156964208911489e+00
3.822376713301643303e+00
3.822179135454051302e+00
3.822391196667199065e+00
3.822206474001041077e+00
3.822422438824883528e+00
3.822225969222801112e+00
3.822434110628726511e+00
3.822250351307476368e+00
3.822462666668380304e+00
3.822267345382846848e+00
3.822471677532847334e+00
3.822288867265115186e+00
3.822497618355231275e+00
3.822303498185254611e+00
3.822504223122222378e+00
3.822322435578842992e+00
3.822527712698356339e+00
3.822334732474421237e+00
3.822531883529999952e+00
3.822351183833008648e+00
3.822553193234745184e+00
3.822361496205416209e+00
3.822555189766365213e+00
3.822375554521457719e+00
3.822574327316550225e+00
3.822383932202454204e+00
3.822574333823425707e+00
3.822395855311111035e+00
3.822591542120485908e+00
3.822402484341713258e+00
3.822589678640440081e+00
3.822412415660833229e+00
3.822605134799375470e+00
3.822417482800949173e+00
3.822601595901781835e+00
3.822425620777199384e+00
3.822615489950439205e+00
3.822429276231249951e+00
3.822610373351758906e+00
3.822435690293217725e+00
3.822622816760231412e+00
3.822438205759421948e+00
3.822616513406342786e+00
3.822443228135925519e+00
3.822627669733865474e+00
3.822444611524328906e+00
3.822620195305510116e+00
3.822448429779097268e+00
3.822630373348240518e+00
3.822448982766157410e+00
3.822621900534282080e+00
3.822451669838633936e+00
3.822631191479142654e+00
3.822451539558726630e+00
3.822621908671226976e+00
3.822453280526412200e+00
3.822630502259630081e+00
3.822452704551874803e+00
3.822620676973819798e+00
3.822453772515857384e+00
3.822628775975695170e+00
3.822452855835718033e+00
3.822618503288449432e+00
3.822453389889814090e+00
3.822626287697199476e+00
3.822452336705508991e+00
3.822615750827013770e+00
3.822452512109281830e+00
3.822623438809189977e+00
3.822451628597661522e+00
3.822612941207777837e+00
3.822451621713334191e+00
3.822620595051667181e+00
3.822450926245231084e+00
3.822610273210346854e+00
3.822451042045694969e+00
3.822618221858633980e+00
3.831454665123865677e+00
3.857345303617778498e+00
3.895859496516597353e+00
3.941847306052314259e+00
3.987504556899235553e+00
4.026331401493032480e+00
4.051909751701180618e+00
4.061077478674513408e+00
4.060914852537430342e+00
4.061068706097684888e+00
4.060916182404792352e+00
4.061078500481157150e+00
4.060918381646621000e+00
4.061070579831111971e+00
4.060920470038286823e+00
4.061081324013589011e+00
4.060923809182569677e+00
4.061074439470440112e+00
4.060926889759073788e+00
4.061086449604398574e+00
4.060931711508772857e+00
4.061080827464630616e+00
4.060935830989027551e+00
4.061094078159791287e+00
4.060942206004930277e+00
4.061089998105185117e+00
4.060947754876966798e+00
4.061104773040670857e+00
4.060955789893795576e+00
4.061102234045208093e+00
4.060962828720879436e+00
4.061118744056320118e+00
4.060972800688680273e+00
4.061117981852684800e+00
4.060981483465624819e+00
4.061136342517128739e+00
4.060993535402985799e+00
4.061137525818935501e+00
4.061004075805416669e+00
4.061157949334050166e+00
4.061018403365324048e+00
4.061161282249121207e+00
4.061030941790764182e+00
4.061183855786642205e+00
4.061047638180138364e+00
4.061189483742476902e+00
4.061062443379005238e+00
4.061214520382661952e+00
4.061081754437592117e+00
4.061222524124490363e+00
4.061098785063310679e+00
4.061250044080393806e+00
4.061120899274190066e+00
4.061260740218610721e+00
4.061140450547453540e+00
4.061290891573611006e+00
4.061165391413795511e+00
4.061304311279652524e+00
4.061187597581573883e+00
4.061337303623311357e+00
4.061215554585995591e+00
4.061353537628726862e+00
4.061240479408287918e+00
4.061389491848564681e+00
4.061271629739189315e+00
4.061408740294352171e+00
4.061299428490324104e+00
4.061447718699537468e+00
4.061333856725231506e+00
4.061470109938750461e+00
4.061364654867245072e+00
4.061512251748540692e+00
4.061402480352176880e+00
4.061537908357105486e+00
4.061436449741967714e+00
4.061583353732731716e+00
4.061477735821504176e+00
4.061612242197986333e+00
4.061514825280116092e+00
4.061661052472592459e+00
4.061559742951227570e+00
4.061693336667592469e+00
4.061600032596667020e+00
4.061745464647940729e+00
4.061648515176967678e+00
4.061781168311387802e+00
4.061692098722638811e+00
4.061836732245161841e+00
4.061744206935763657e+00
4.061875808923773867e+00
4.061791032292222603e+00
4.061934783281389016e+00
4.061846742194583193e+00
4.061977218988240601e+00
4.061896771520348004e+00
4.062039513551690462e+00
4.061956034474907717e+00
4.062085253520787198e+00
4.062009175123680649e+00
4.062150780843333031e+00
4.062071894904814684e+00
4.062199737696597701e+00
4.062128068138009418e+00
4.062268357330833801e+00
4.062194014173518219e+00
4.062320168598472669e+00
4.062252862136458198e+00
4.062391633181249517e+00
4.062321893506875448e+00
4.062446163279235911e+00
4.062383153611689224e+00
4.062520025451598293e+00
4.062454765198240558e+00
4.062576815221018656e+00
4.062518053435741017e+00
4.062652738697824617e+00
4.062591852657476466e+00
4.062711274429722685e+00
4.062656602262638472e+00
4.062788624617684974e+00
4.062731929830393440e+00
4.062848261173703790e+00
4.062797494549513999e+00
4.062926355945832846e+00
4.062873625881758599e+00
4.062986220533401749e+00
4.062939039052198886e+00
4.063064107350161436e+00
4.063015095751041805e+00
4.063123333692383987e+00
4.063079380436736443e+00
4.063199835932245207e+00
4.063153992661828973e+00
4.063256899334143135e+00
4.063215718050068759e+00
4.063330713515879822e+00
4.063287642881412864e+00
4.063384274289236764e+00
4.063345221102569127e+00
4.063453568416596440e+00
4.063412565953680833e+00
4.063501736497338257e+00
4.063464157081458694e+00
4.063564627626180759e+00
4.063524897517500456e+00
4.063605181170045988e+00
4.063568177299190509e+00
4.063659253750694589e+00
4.063619909705670885e+00
4.063689753706388963e+00
4.063652348664953173e+00
4.063732337137615502e+00
4.063692251293217872e+00
4.063749727982823856e+00
4.063710747875393103e+00
4.063777769354791403e+00
4.063735896151828619e+00
4.063779021935902236e+00
4.063737147230277458e+00
4.063788897015347068e+00
4.063743692287985709e+00
4.063770084691550544e+00
4.063723970189005108e+00
4.063758121996018602e+00
4.063708262518957781e+00
4.063715415901782535e+00
4.063663543796157462e+00
4.063677424074999323e+00
4.063621380212291356e+00
4.063606525684652304e+00
4.063547433475740434e+00
4.063538299775671270e+00
4.063474673925555614e+00
4.063434918941620566e+00
4.063367130936991423e+00
4.063331986123426276e+00
4.063259472997060584e+00
4.063191921820694219e+00
4.063114240766782181e+00
4.063050101657291968e+00
4.062967401638842624e+00
4.062868998208495341e+00
4.062780667329768391e+00
4.062684781026041136e+00
4.062591461531342318e+00
4.062458570675184788e+00
4.062357629633774003e+00
4.062225124823934941e+00
4.062118464858750500e+00
4.061945561286411710e+00
4.061828799262870326e+00
4.061652119725555288e+00
4.061525712914144215e+00
4.061300338944282551e+00
4.061155674037499885e+00
4.060915206410230738e+00
4.060747547290278092e+00
4.060435541137847437e+00
4.060221045692221864e+00
4.059854639239860674e+00
4.059567923098517994e+00
4.059059628431736400e+00
4.058633553987893272e+00
4.057941505821064609e+00
4.057268680524027893e+00
4.056192821840416407e+00
4.055060209622129541e+00
4.053367131649999955e+00
4.051399653317361071e+00
4.048507042077500451e+00
4.044964226103148874e+00
4.039931980541411782e+00
4.033492732559490257e+00
4.024450218824999759e+00
4.012588423476318944e+00
3.996109902825926596e+00
3.974060194062036810e+00
3.943573255249444465e+00
3.902425134297499820e+00
3.845798948633263326e+00
3.768738277672083026e+00
3.662764429037685066e+00
3.518085279247669117e+00
3.320164776559819231e+00
3.048485761305234298e+00
2.676726320925355118e+00
2.204659558888502069e+00
1.699087769478201171e+00
1.258162770116863838e+00
