3.108524912055851352e+00
3.019931644207222821e+00
2.916721008746197885e+00
2.796032012492534857e+00
2.655482286466892550e+00
2.491635146644999743e+00
2.300923964705963609e+00
2.079232865534050401e+00
1.821153514026753406e+00
1.522108672766554038e+00
1.172733707237405110e+00
7.924990328159785546e-01
4.028870285356361824e-01
-1.049738257216206450e-01
-8.542574708907175740e-01
-1.768527996069435781e+00
-2.834687835456619620e+00
-3.997403039694763738e+00
-5.204643805350207764e+00
-6.423432670809625655e+00
-7.609508781978502334e+00
-8.719843418366735932e+00
-9.721064917978841535e+00
-1.059034140688860859e+01
-1.132611012448256105e+01
-1.190860992419142228e+01
-1.234106751756844034e+01
-1.281544596290403426e+01
-1.341408795500012552e+01
-1.404121176887850808e+01
-1.451088076986633624e+01
-1.465343827121669662e+01
-1.438772348438995685e+01
-1.373870115678057502e+01
-1.281337545968957414e+01
-1.173027800076237703e+01
-1.056645538583709687e+01
-9.316529624202100734e+00
-7.974025060670717480e+00
-6.511308156162029626e+00
-4.986292805125117411e+00
-3.558718158015672817e+00
-2.267626044053698386e+00
-1.267270779343754095e+00
-7.009713340070927723e-01
-5.051965481687891169e-01
-4.419924382268044516e-01
-5.196168740313900081e-01
-8.896723234774689404e-01
-1.557767988833976602e+00
-2.428683742493454645e+00
-3.485030021583087834e+00
-4.630697324284879457e+00
-5.832017167579552464e+00
-7.029104304350886068e+00
-8.184240697976321144e+00
-9.242919584618809026e+00
-1.018722514742163554e+01
-1.099445759614000728e+01
-1.166795477305879558e+01
-1.216928166768583530e+01
-1.266810298046304695e+01
-1.328786327763697628e+01
-1.397292836018364959e+01
-1.454026350001819168e+01
-1.481148731711022215e+01
-1.466842644311170396e+01
-1.411636758004956960e+01
-1.323492920354331659e+01
-1.215718349453362990e+01
-1.096639363579459037e+01
-9.694403055302776906e+00
-8.302746105226448847e+00
-6.805838564754228770e+00
-5.197004387461329422e+00
-3.658862138054405300e+00
-2.309838870177205461e+00
-1.225391074242126122e+00
-5.439240164294327773e-01
-2.790810444783122790e-01
-1.996457146904107027e-01
-2.368712252743622459e-01
-5.409984585067812990e-01
-1.163206839956248961e+00
-2.001312281353244682e+00
-3.034743638122920473e+00
-4.176950755592692133e+00
-5.380050967957455299e+00
-6.591640995113611012e+00
-7.768983573899841844e+00
-8.858824808932176609e+00
-9.837953416609980906e+00
-1.068082584798689894e+01
-1.139453865484540351e+01
-1.193262771684950252e+01
-1.242989592224505735e+01
-1.304204671016458050e+01
-1.373824827693834827e+01
-1.435065652191009988e+01
-1.469217007424134991e+01
-1.463000594643109409e+01
-1.414900762973461212e+01
-1.331724541835391484e+01
-1.226583088305623193e+01
-1.108746354040223103e+01
-9.828556755315714710e+00
-8.450416849702953925e+00
-6.964422963272735245e+00
-5.358895067603286932e+00
-3.781821942201797793e+00
-2.394175650986348547e+00
-1.257443530867406345e+00
-5.014331478587049640e-01
-1.790753157091457826e-01
-8.330908940229748982e-02
-9.365150504530704578e-02
-3.506538960815416828e-01
-9.333858981795262189e-01
-1.744052916719174506e+00
-2.753385679896630300e+00
-3.886325860349764127e+00
-5.083233623622230191e+00
-6.298022850783064008e+00
-7.483138786469642589e+00
-8.588011979528054951e+00
-9.583972768267729592e+00
-1.044535871967071650e+01
-1.117874303307014117e+01
-1.173922403499192768e+01
-1.222569105223827179e+01
-1.281707856242252674e+01
-1.350620297549633619e+01
-1.414202573048740064e+01
-1.453146570923435732e+01
-1.453157863906567471e+01
-1.410802155115349876e+01
-1.331978096388207256e+01
-1.229260459304366293e+01
-1.112857930156338604e+01
-9.883058807495192610e+00
-8.524430862748539894e+00
-7.056003280707059844e+00
-5.467022589041166114e+00
-3.873636229104202133e+00
-2.457032688758760575e+00
-1.276754165660062501e+00
-4.571971886082322190e-01
-7.962310026128641138e-02
3.293679057954154027e-02
4.281107029005139231e-02
-1.706019008949009874e-01
-7.127967690959949865e-01
-1.496507771409836263e+00
-2.480457385604524223e+00
-3.602935122556285119e+00
-4.792670095234906391e+00
-6.009417815045965838e+00
-7.201046897464825847e+00
-8.320269244650704721e+00
-9.332348431045069503e+00
-1.021284264028159328e+01
-1.096461107046957473e+01
-1.154980006456347219e+01
-1.203148580928232114e+01
-1.260375404839109592e+01
-1.328410266792754690e+01
-1.393931863757776135e+01
-1.437275006418826528e+01
-1.443280804131169681e+01
-1.406632066370677592e+01
-1.332313887970945387e+01
-1.232156359777810195e+01
-1.117265881435269037e+01
-9.938767804419937235e+00
-8.598658497445107685e+00
-7.145569757339788275e+00
-5.573919160435324649e+00
-3.967637085400403052e+00
-2.523185783422226436e+00
-1.303741282632905119e+00
-4.247608227074089471e-01
1.075654067412851363e-02
1.439788749615541763e-01
1.708840620542327882e-01
-1.258116735199746013e-03
-5.004647779722551926e-01
-1.256487521519018324e+00
-2.213507215546199447e+00
-3.323673894451290245e+00
-4.505247494528559216e+00
-5.722454940135043522e+00
-6.919329868071842249e+00
-8.051850722095529989e+00
-9.079124901274481019e+00
-9.978621300739089151e+00
-1.074732646301048256e+01
-1.135794312653182025e+01
-1.183902778900900898e+01
-1.239118496449430573e+01
-1.305922999180566002e+01
-1.372914914774885808e+01
-1.420363768194357945e+01
-1.432294319468011601e+01
-1.401522145939651587e+01
-1.332005119617677913e+01
-1.234669217504955796e+01
-1.121441234746645321e+01
-9.991706267001209341e+00
-8.670328052783171202e+00
-7.232846522303078451e+00
-5.680393062209115662e+00
-4.066205978616895145e+00
-2.594422778591268131e+00
-1.337682790632753527e+00
-4.004646126701560394e-01
9.751154942734885367e-02
2.568587728428177730e-01
2.984715242921194278e-01
1.666754608180488206e-01
-2.847083812930188973e-01
-1.010275903939000131e+00
-1.937896092819286986e+00
-3.033029826480449387e+00
-4.205841276652901861e+00
-5.422479306210377104e+00
-6.624836895712835627e+00
-7.771291009740181721e+00
-8.815498880989771635e+00
-9.736472927454457249e+00
-1.052437669109083274e+01
-1.116326504945709175e+01
-1.165222704092109574e+01
-1.218849705666137773e+01
-1.284544402623899728e+01
-1.352860167783587286e+01
-1.404326517457115386e+01
-1.422191856710718483e+01
-1.397522011158253186e+01
-1.333116958516854211e+01
-1.238908557185509807e+01
-1.127475744493202470e+01
-1.006237408402244959e+01
-8.758045118637642901e+00
-7.334186291222103193e+00
-5.799149228237907572e+00
-4.179523083523337235e+00
-2.678962153463294804e+00
-1.387796824238797688e+00
-3.961232325651837249e-01
1.655780489535727817e-01
3.567134844173654451e-01
4.111810192345242698e-01
3.150807773045026794e-01
-8.906528521187657976e-02
-7.835030896556418600e-01
-1.682877844712566517e+00
-2.761194539441487183e+00
-3.925806145615802656e+00
-5.140617359490311955e+00
-6.348433336761081236e+00
-7.507705562556479251e+00
-8.569368845724737227e+00
-9.511930163151061990e+00
-1.032090576602340981e+01
-1.098707740339714789e+01
-1.149275828093462515e+01
-1.202622627203436956e+01
-1.268171399736632665e+01
-1.337858914177617109e+01
-1.392610843342385607e+01
-1.415108536257839233e+01
-1.395250591979387167e+01
-1.334896237566505661e+01
-1.243224859426702977e+01
-1.133153945827642239e+01
-1.012502618135467536e+01
-8.829789074203677757e+00
-7.410587833429304716e+00
-5.880803754931979377e+00
-4.251616752432204827e+00
-2.719265496743251020e+00
-1.398712351343397442e+00
-3.651422323264674197e-01
2.492154110644704823e-01
4.743554942191623436e-01
5.445491800637316526e-01
4.788111675218545416e-01
1.156682981729297982e-01
-5.487529725190585239e-01
-1.423098525334848707e+00
-2.483826270914233803e+00
-3.640632907974779009e+00
-4.852826021405310719e+00
-6.066593172409842971e+00
-7.238543160899579831e+00
-8.320408665732818676e+00
-9.287959716914244268e+00
-1.012692612094956957e+01
-1.082431622253848680e+01
-1.136567616866139829e+01
-1.194124381564603077e+01
-1.263801883813537863e+01
-1.337086671966749662e+01
-1.394528588397645485e+01
-1.418893735200233053e+01
-1.400008187488665534e+01
-1.339957484175109137e+01
-1.247696953293655753e+01
-1.136309805147875451e+01
-1.013317036678556171e+01
-8.809063012645408364e+00
-7.350206034701411539e+00
-5.779161686243917906e+00
-4.108398380498917923e+00
-2.535958525527385987e+00
-1.199223540947852884e+00
-1.643953688341820429e-01
4.577073827868213818e-01
6.907584225860081695e-01
7.522955659704354536e-01
6.972322153209977724e-01
4.359872198791521214e-01
-1.440340213339568742e-01
-9.625369432981790707e-01
-1.975852328182786444e+00
-3.127031723257482465e+00
-4.341025669700256273e+00
-5.576991663252882425e+00
-6.776322429890799803e+00
-7.886555282378750142e+00
-8.856984034150951146e+00
-9.652559298619664219e+00
-1.024637443953448113e+01
-1.062308634502544002e+01
-1.077323452784271929e+01
-1.069363568945464138e+01
-1.038617600276329966e+01
-9.857345324321046931e+00
-9.121349201037679322e+00
-8.198149396845973769e+00
-7.119724021697017236e+00
-5.924389338608528455e+00
-4.663966884851735273e+00
-3.388297890091661824e+00
-2.149297109665963212e+00
-9.780262897752465268e-01
6.280468605441415220e-02
9.344575042816249955e-01
1.612057531809926392e+00
2.039331717842056246e+00
2.368787320843127375e+00
2.682446765908824471e+00
2.956533370414047290e+00
3.177658246570920220e+00
3.360366727795294661e+00
3.507535499064531770e+00
3.628434525769653085e+00
3.725274361380555455e+00
3.804582102606753669e+00
3.867693029130607751e+00
3.919312334406944487e+00
3.960079849274253050e+00
3.993434034620746420e+00
4.019527238301735750e+00
4.040914068422500449e+00
4.057432503806406743e+00
4.071017603084792214e+00
4.081318396559618478e+00
4.089833373854530940e+00
4.096109073740556106e+00
4.101334124444549367e+00
4.105010505761163664e+00
4.108104378036388837e+00
4.110108218900069943e+00
4.111822519491354910e+00
4.112751400382760103e+00
4.113572261612204350e+00
4.113812679445138620e+00
4.114055114055659601e+00
4.113856509920312376e+00
4.113724526177986007e+00
4.113247458319374772e+00
4.112872365113004136e+00
4.112219000354375709e+00
4.111685445071423750e+00
4.110921789027603523e+00
4.110284487607568593e+00
4.109452310030780708e+00
4.108746705663698151e+00
4.107872781943090246e+00
4.107121628963454896e+00
4.106222695732777872e+00
4.105440970923107891e+00
4.104527786283593827e+00
4.103724965799131930e+00
4.102803960693767849e+00
4.101986538949305761e+00
4.101062020324288682e+00
4.100234084839444293e+00
4.099308408361545197e+00
4.098472899458923457e+00
4.097547660575433959e+00
4.096706334555572759e+00
4.095782218846128586e+00
4.094936466597743241e+00
4.094014054832395999e+00
4.093164738664131441e+00
4.092244116533680476e+00
4.091392058786371244e+00
4.090473394318506983e+00
4.089618927253420466e+00
4.088701969215728482e+00
4.087845577130694075e+00
4.086930446583906473e+00
4.086072432342291449e+00
4.085159015494461698e+00
4.084300051672847154e+00
4.083388348078194063e+00
4.082528131656545156e+00
4.081617649645728818e+00
4.080756448756684307e+00
4.079847200194009815e+00
4.078985186603767410e+00
4.078076997223056388e+00
4.077214367366076786e+00
4.076307157037691198e+00
4.075443914194115003e+00
4.074537422314756796e+00
4.073673735102829596e+00
4.072767958739670568e+00
4.071903920384895237e+00
4.070998712173888201e+00
4.070134467770416542e+00
4.069229790513801959e+00
4.068365370171597384e+00
4.067461053267378723e+00
4.066596587555017628e+00
4.065692635222552198e+00
4.064828113405416943e+00
4.063924351488507725e+00
4.063059919417881360e+00
4.062156354294340410e+00
4.061292054796805218e+00
4.060388580493229149e+00
4.059524463682795847e+00
4.058620987394999879e+00
4.057757020093211153e+00
4.056853474614218413e+00
4.055989854977066322e+00
4.055086321302430186e+00
4.054223040055399352e+00
4.053319318813003669e+00
4.052456386751284612e+00
4.051552453164669387e+00
4.050689866633264025e+00
4.049785644603784540e+00
4.048923569663767097e+00
4.048019163483177252e+00
4.047157549150329103e+00
4.046252752738610958e+00
4.045391642898350959e+00
4.044486504959635909e+00
4.043625894468350523e+00
4.042720295635260364e+00
4.041860257525971889e+00
4.040954260981544977e+00
4.040094781974947757e+00
4.039188301566128736e+00
4.038329484883315779e+00
4.037422549885381962e+00
4.036564316870850710e+00
4.035656802589583592e+00
4.034799218236597262e+00
4.033891204204427261e+00
4.033034287159636300e+00
4.032125646325468438e+00
4.031269443510173467e+00
4.030360259458662497e+00
4.029504732929913402e+00
4.028594865407708170e+00
4.027740050469756028e+00
4.026829576143212464e+00
4.025975482233298486e+00
4.025064342909288051e+00
4.024211055375539026e+00
4.023299274524219094e+00
4.022446704087413671e+00
4.021534146709374369e+00
4.020682325257378231e+00
4.019769074260468145e+00
4.018918067678107775e+00
4.018004115960885692e+00
4.017153931188662597e+00
4.016239241413524397e+00
4.015389800347742622e+00
4.014474305450590030e+00
4.013625702649375349e+00
4.012709466511076961e+00
4.011861656984184066e+00
4.010944598006718209e+00
4.010097616173194268e+00
4.009179794208194814e+00
4.008333678315365134e+00
4.007415057315850682e+00
4.006569779033871903e+00
4.005650349403923727e+00
4.004805875218697686e+00
4.003885586810677744e+00
4.003042004600780857e+00
4.002120893717083128e+00
4.001278153667742643e+00
4.000356189096094361e+00
3.999514315721561797e+00
3.998591519468801536e+00
3.997750494080034578e+00
3.996826809218680499e+00
3.995986687328645814e+00
3.995062185398698507e+00
3.994222966988020929e+00
3.993297563967361352e+00
3.992459224125434414e+00
3.991532937534826520e+00
3.990695448179982563e+00
3.989768236441979088e+00
3.988931687213715271e+00
3.988003662784617820e+00
3.987168003037239394e+00
3.986239034163923556e+00
3.985404268340607903e+00
3.984474416627291404e+00
3.983640559041683904e+00
3.982709770269253102e+00
3.981876814141787513e+00
3.980945119376805952e+00
3.980113039385729579e+00
3.979180403664149157e+00
3.978349290759149337e+00
3.977415815391197373e+00
3.976585609890868511e+00
3.975651172002569123e+00
3.974821867441111767e+00
3.973886496338993268e+00
3.973058112680069254e+00
3.972121770365364846e+00
3.971294309019461899e+00
3.970357084553506777e+00
3.969530535973089691e+00
3.968592324572308705e+00
3.967766696442691199e+00
3.966827565103836939e+00
3.966002861165641935e+00
3.965062778948975630e+00
3.964239059014166511e+00
3.963298060665694234e+00
3.962475238441961700e+00
3.961533226625729487e+00
3.960711308038141976e+00
3.959768334765694231e+00
3.958947364559636029e+00
3.958003462163089736e+00
3.957183450727447926e+00
3.956238609668975670e+00
3.955419509650433429e+00
3.954473658831909599e+00
3.953655511660399302e+00
3.952708705552430590e+00
3.951891463662794646e+00
3.950943656617100785e+00
3.950127339614270205e+00
3.949178588777812582e+00
3.948363231929114647e+00
3.947413527842986269e+00
3.946599128995642136e+00
3.945648447090208233e+00
3.944834958703003380e+00
3.943883257502083683e+00
3.943070736538402787e+00
3.942118092209444757e+00
3.941306498979740169e+00
3.940352849855902395e+00
3.939542178781667126e+00
3.938587534141215318e+00
3.937777801726597193e+00
3.936822173699495941e+00
3.936013431741249846e+00
3.935056850586857280e+00
3.934249060936753750e+00
3.933291444582499796e+00
3.932484572995295302e+00
3.931525963905226018e+00
3.930720009666440973e+00
3.929760374480885332e+00
3.928955397889652978e+00
3.927994828253507098e+00
3.927190810127361598e+00
3.926229219583264207e+00
3.925426147015816269e+00
3.924463547887795389e+00
3.923661416507430388e+00
3.922697794303281249e+00
3.921896606965538101e+00
3.920931993699773965e+00
3.920131727882777639e+00
3.919166077256701630e+00
3.918366781654791797e+00
3.917400182252778418e+00
3.916601857453038349e+00
3.915634194556336656e+00
3.914836793745416710e+00
3.913868101628576124e+00
3.913071646819409999e+00
3.912101953248645625e+00
3.911306482193090517e+00
3.910335797425642745e+00
3.909541246723246211e+00
3.908569482718888821e+00
3.907775882187257022e+00
3.906803135196719179e+00
3.906010527827638690e+00
3.905036744498402879e+00
3.904245100010468317e+00
3.903270293805416458e+00
3.902479567956492978e+00
3.901503700827899657e+00
3.900713924379201281e+00
3.899737038409670120e+00
3.898948228046545506e+00
3.897970304103854033e+00
3.897182469990450926e+00
3.896203540767343654e+00
3.895416663995781015e+00
3.894436675021041960e+00
3.893650772570312668e+00
3.892669756727117569e+00
3.891884779767134983e+00
3.890902690212760806e+00
3.890118659828941006e+00
3.889135536355555089e+00
3.888352494743333665e+00
3.887368340508923215e+00
3.886586293735486031e+00
3.885601087442360768e+00
3.884819971904809321e+00
3.883833681677169913e+00
3.883053544027604165e+00
3.882066241100625259e+00
3.881287073610347083e+00
3.880298684462534897e+00
3.879520466477101248e+00
3.878531017850746831e+00
3.877753789219114289e+00
3.876763287882326825e+00
3.875987061655954857e+00
3.874995502737343944e+00
3.874220227150121598e+00
3.873227572998315438e+00
3.872453262370537885e+00
3.871459567522464784e+00
3.870686232836823226e+00
3.869691432461840108e+00
3.868919083342760690e+00
3.867923241102951160e+00
3.867151882929340534e+00
3.866154959831458626e+00
3.865384587762048518e+00
3.864386586629912745e+00
3.863617199577778383e+00
3.862618106006110885e+00
3.861849689631579263e+00
3.860849521194739342e+00
3.860082077911978438e+00
3.859080796721250373e+00
3.858314376882309382e+00
3.857312059077846911e+00
3.856546648312673131e+00
3.855543196469548128e+00
3.854778758655260873e+00
3.853774216811058917e+00
3.853010775664183818e+00
3.852005140859496635e+00
3.851242718870121262e+00
3.850235993806909729e+00
3.849474542102465424e+00
3.848466677961353888e+00
3.847706261089878677e+00
3.846697339103784863e+00
3.845937955370729799e+00
3.844927899636076063e+00
3.844169508403836755e+00
3.843158350598246731e+00
3.842400943301458316e+00
3.841388642124791808e+00
3.840632267352777962e+00
3.839618873516562836e+00
3.838863523194618210e+00
3.837849005654635270e+00
3.837094698764010658e+00
3.836079097941701210e+00
3.835325823371058540e+00
3.834309060505486588e+00
3.833556806960208174e+00
3.832538921079808869e+00
3.831787659387726031e+00
3.830768614961215235e+00
3.830018409411579672e+00
3.828998269553506972e+00
3.828249148816094127e+00
3.827227871382830049e+00
3.826479787085538042e+00
3.825457350752465402e+00
3.824710283400121202e+00
3.823686684902014132e+00
3.822940696370295210e+00
3.821916004077465789e+00
3.821171067263315457e+00
3.820145172866788563e+00
3.819401269136180055e+00
3.818374216196493531e+00
3.817631405525243160e+00
3.816603215551718886e+00
3.815861501172517212e+00
3.814832174969062351e+00
3.814091506947100640e+00
3.813060984605347148e+00
3.812321379059739446e+00
3.811289691010677494e+00
3.810551157474670436e+00
3.809518272250642656e+00
3.808780834733662690e+00
3.807746801085399646e+00
3.807010477757847067e+00
3.805975285892238880e+00
3.805240079592864699e+00
3.804203711689079892e+00
3.803469583946875510e+00
3.802431997498697758e+00
3.801698948515919607e+00
3.800660180783402620e+00
3.799928262967951831e+00
3.798888301246285071e+00
3.798157543308437578e+00
3.797116426311562432e+00
3.796386787816093733e+00
3.795344426939617932e+00
3.794615903711041849e+00
3.793572357180260646e+00
3.792844961892725575e+00
3.791800211758298733e+00
3.791073969689566336e+00
3.790028000119409324e+00
3.789302882106267312e+00
3.788255661817534925e+00
3.787531717127968989e+00
3.786483343205051977e+00
3.785760583972118454e+00
3.784710971764774001e+00
3.783989353071927297e+00
3.782938515653246458e+00
3.782218035363993369e+00
3.781165931410259695e+00
3.780446648185937342e+00
3.779393334169443897e+00
3.778675226706267765e+00
3.777620648269617742e+00
3.776903749397205079e+00
3.775847985778576277e+00
3.775132297455156216e+00
3.774075253493437643e+00
3.773360745595433663e+00
3.772302445536285020e+00
3.771589139616041919e+00
3.770529574197795331e+00
3.769817528627551706e+00
3.768756742038038343e+00
3.768045928393507271e+00
3.766983862456805277e+00
3.766274277324513697e+00
3.765210956124860786e+00
3.764502615621319936e+00
3.763438023473714811e+00
3.762730923938333305e+00
3.761665070151232193e+00
3.760959225095607206e+00
3.759892040003228963e+00
3.759187450512413431e+00
3.758119000328003612e+00
3.757415693868784157e+00
3.756345990170416371e+00
3.755644001011128275e+00
3.754573029119201433e+00
3.753872301842430925e+00
3.752799999577673518e+00
3.752100569616996228e+00
3.751026982929045239e+00
3.750328871395312458e+00
3.749253974234861619e+00
3.748557168757899127e+00
3.747480952616927485e+00
3.746785467631561950e+00
3.745707973579738947e+00
3.745013869713836208e+00
3.743935083900051364e+00
3.743242292441093966e+00
3.742162144704270776e+00
3.741470698559843822e+00
3.740389246961510317e+00
3.739699186795085950e+00
3.738616425449618141e+00
3.737927772255520420e+00
3.736843704459548388e+00
3.736156410399010142e+00
3.735070986095572643e+00
3.734385073306111025e+00
3.733298345352170422e+00
3.732613830672482980e+00
3.731525755260243216e+00
3.730842679295086839e+00
3.729753269524860748e+00
3.729071576369495933e+00
3.727980788781441124e+00
3.727300519148558866e+00
3.726208444602222336e+00
3.725529651432256895e+00
3.724436221648436796e+00
3.723758869888420087e+00
3.722664102639722028e+00
3.721988204017378621e+00
3.720892062309444359e+00
3.720217640915016943e+00
3.719120169336423309e+00
3.718447203575867999e+00
3.717348340359287739e+00
3.716676882547430338e+00
3.715576750806840245e+00
3.714906842470902859e+00
3.713805329469844096e+00
3.713136889800416007e+00
3.712034002868958460e+00
3.711367077183611141e+00
3.710262838460434143e+00
3.709597487100329882e+00
3.708491956277673474e+00
3.707828172048021287e+00
3.706721266283402372e+00
3.706058987419652784e+00
3.704950732747396280e+00
3.704290008938472045e+00
3.703180399846528026e+00
3.702521271089861177e+00
3.701410349346493600e+00
3.700752809865000437e+00
3.699640524998419888e+00
3.698984556344652841e+00
3.697870943217621331e+00
3.697216551434201470e+00
3.696101600506527696e+00
3.695448848365416428e+00
3.694332609032274561e+00
3.693681452904062912e+00
3.692563860329826309e+00
3.691914315301493055e+00
3.690795409434114660e+00
3.690147473192169958e+00
3.689027247370104234e+00
3.688380948793472225e+00
3.687259416406128310e+00
3.686614739971597388e+00
3.685491945959427085e+00
3.684848958240035000e+00
3.683724903418385654e+00
3.683083500521371345e+00
3.681958095859739544e+00
3.681318316434670113e+00
3.680191690087725842e+00
3.679553574930695348e+00
3.678425744596058866e+00
3.677789328481197995e+00
3.676660285097673508e+00
3.676025393371979533e+00
3.674895042978854054e+00
3.674261765238089783e+00
3.673130256275312089e+00
3.672498594716736342e+00
3.671365876583610799e+00
3.670735808318645432e+00
3.669601927698593169e+00
3.668973381356753993e+00
3.667838305950989586e+00
3.667211285386180464e+00
3.666075061741058683e+00
3.665449481536527720e+00
3.664312038719478970e+00
3.663687872207222362e+00
3.662549272324426841e+00
3.661926402971788619e+00
3.660786515014514464e+00
3.660164809107135486e+00
3.659023616910677124e+00
3.658402914538003703e+00
3.657260260616042036e+00
3.656640337923923845e+00
3.655496147624288206e+00
3.654876687053281614e+00
3.653730557071857010e+00
3.653111051908767060e+00
3.651962580024080474e+00
3.651342375454757150e+00
3.650191196071180588e+00
3.649569809867430514e+00
3.648414916759444626e+00
3.647790723431354021e+00
3.646630589242152443e+00
3.646001667800677026e+00
3.644834292988923696e+00
3.644198090958646219e+00
3.643020639654409809e+00
3.642373597390485607e+00
3.641182040097587169e+00
3.640518882341424067e+00
3.639307190904600642e+00
3.638620570634774065e+00
3.637380374445381648e+00
3.636659846200173796e+00
3.635379009690832941e+00
3.634609849096614109e+00
3.633271257853646130e+00
3.632432530078767652e+00
3.631011751326632009e+00
3.630074020954253466e+00
3.628536588563141763e+00
3.627458159971874707e+00
3.625755203694253304e+00
3.624477636338489628e+00
3.622540480569340193e+00
3.620981343393002927e+00
3.618713097827638947e+00
3.616756928055624876e+00
3.614021813383593962e+00
3.611506788827222980e+00
3.608114496388264314e+00
3.604814629816267324e+00
3.600499463830278302e+00
3.596099664920537897e+00
3.590490862651458670e+00
3.584551761139878057e+00
3.577132754347951415e+00
3.569043097231458628e+00
3.559095886834270583e+00
3.548008676297500052e+00
3.534539507317361551e+00
3.519283724374305589e+00
3.500920801655815318e+00
3.479883740383455049e+00
3.454742896385763817e+00
3.425718914753124622e+00
3.391231466610746370e+00
3.351221834435746949e+00
3.303906180852100416e+00
3.248860574742448382e+00
3.184033566682933802e+00
