-4.942207603352655632e+00
-5.034115759110190602e+00
-4.813661851021201699e+00
-4.155590113528945473e+00
-3.054273769301390828e+00
-1.714851622544564913e+00
-5.329684955848773553e-01
1.335317050202224631e-01
2.356873130621906509e-01
1.256260350475841281e-01
-1.937921062572506292e-01
-9.621229470867054268e-01
-2.082660384340150994e+00
-3.469619577095523599e+00
-4.998329490741133085e+00
-6.573952236905527435e+00
-8.104818451214985231e+00
-9.503066043544729169e+00
-1.070408332962435161e+01
-1.169051798423849853e+01
-1.243206888209385674e+01
-1.298065940860501399e+01
-1.365041096163163381e+01
-1.443104901535572715e+01
-1.501745571248593869e+01
-1.508787293942435603e+01
-1.453211030297097039e+01
-1.346297594145879906e+01
-1.211674416625405826e+01
-1.063832954190239910e+01
-9.043545552059178760e+00
-7.292741421985324379e+00
-5.427406244989862572e+00
-3.686233388606309003e+00
-2.212838673393958455e+00
-1.291055811997206426e+00
-1.006100117118798432e+00
-9.714522239030155548e-01
-1.237651480269970738e+00
-1.989408646724643015e+00
-3.086528588480816460e+00
-4.446190629537582595e+00
-5.926394971722896088e+00
-7.445048228380660049e+00
-8.898908097584110166e+00
-1.021320987824681836e+01
-1.132600296975484788e+01
-1.223495403643515189e+01
-1.289012841965127443e+01
-1.347388888934700013e+01
-1.423885509076714051e+01
-1.501772417657961256e+01
-1.547352215462838210e+01
-1.533512131064312101e+01
-1.458572102023227401e+01
-1.339035482050086223e+01
-1.197954257278115264e+01
-1.043396894609994341e+01
-8.743069741706397835e+00
-6.872829793859148495e+00
-4.954943552177238253e+00
-3.260708556691942039e+00
-1.939440289146923790e+00
-1.257004943102979500e+00
-1.087252518919715749e+00
-1.102696372207848219e+00
-1.516763461928800849e+00
-2.381359503530405153e+00
-3.562148780792506741e+00
-4.964679748752732991e+00
-6.455764542758177349e+00
-7.957572196520134256e+00
-9.367764120840945452e+00
-1.061771223184092605e+01
-1.166359273205399383e+01
-1.249433155127293027e+01
-1.308912874629947964e+01
-1.372661177327233517e+01
-1.453339404513357103e+01
-1.524830015122330806e+01
-1.553234183418460645e+01
-1.518644939330769539e+01
-1.426768856924834949e+01
-1.297859763548334833e+01
-1.152077129133187405e+01
-9.924546303881189857e+00
-8.171472709350911856e+00
-6.247556847029318128e+00
-4.372210320804879480e+00
-2.776831739377155994e+00
-1.635409089142349615e+00
-1.164584562502667175e+00
-1.063316724569845162e+00
-1.170915254841391695e+00
-1.743449465074026428e+00
-2.715837832425881171e+00
-3.981094327224063534e+00
-5.420720904655190964e+00
-6.923976690481151941e+00
-8.404714990389004825e+00
-9.770451951312535854e+00
-1.095515951825146672e+01
-1.193773300304246554e+01
-1.268457434291726216e+01
-1.325390692699859940e+01
-1.395792337192705190e+01
-1.477252720018362098e+01
-1.538580285329125097e+01
-1.547613839939067759e+01
-1.493215884489495870e+01
-1.386730009844810141e+01
-1.251004520201467685e+01
-1.100852099371545378e+01
-9.364540676665782826e+00
-7.549998177186555637e+00
-5.604448333772973356e+00
-3.803212189902326124e+00
-2.324334407625489707e+00
-1.392073054015900535e+00
-1.092121625330670920e+00
-1.039055436066550708e+00
-1.276801633235478572e+00
-1.996679488303707561e+00
-3.069562519467808226e+00
-4.407571095221680224e+00
-5.874478514642539118e+00
-7.382152570009975712e+00
-8.832800297117692878e+00
-1.014722251343713388e+01
-1.126521375610718678e+01
-1.218050398197256712e+01
-1.284528434882478365e+01
-1.342973585390591573e+01
-1.419601576603818849e+01
-1.498370895726804974e+01
-1.545820755655473100e+01
-1.534111198133764198e+01
-1.460948175469130028e+01
-1.342241756860919644e+01
-1.201261895600939589e+01
-1.046543708616983004e+01
-8.770941057235003058e+00
-6.895584028240035579e+00
-4.963025032577646378e+00
-3.253374606853515427e+00
-1.917299647001006413e+00
-1.211487869725998756e+00
-1.031233245097868068e+00
-1.036496017109232559e+00
-1.432051890372305181e+00
-2.281522905678440516e+00
-3.450772350800080712e+00
-4.845623752742827861e+00
-6.333373176330813870e+00
-7.834378714617531436e+00
-9.248166781003419601e+00
-1.050389348504964815e+01
-1.155825269469809413e+01
-1.239810718814056933e+01
-1.300262217484952387e+01
-1.364701601273775466e+01
-1.446240347261833925e+01
-1.518695261830319687e+01
-1.548253411573737282e+01
-1.514614728005615873e+01
-1.423439398131730727e+01
-1.294682216286359733e+01
-1.148795894496631576e+01
-9.887846798021467265e+00
-8.129100715343138717e+00
-6.196654886823426800e+00
-4.308912440734401272e+00
-2.706779139151965996e+00
-1.558827775283826877e+00
-1.078748197015545918e+00
-9.730153765771742957e-01
-1.072793935623482131e+00
-1.636518977038797118e+00
-2.601328196259423908e+00
-3.861127774948489577e+00
-5.296901824664855596e+00
-6.799412201538993727e+00
-8.281047276238860277e+00
-9.651764691538117447e+00
-1.084328539671916936e+01
-1.183771631313969586e+01
-1.259360942265271532e+01
-1.319024066602372436e+01
-1.393379154780224916e+01
-1.477171344239796191e+01
-1.538192209745434624e+01
-1.545002770190122376e+01
-1.487840731864481114e+01
-1.379224773400906834e+01
-1.241886249448802815e+01
-1.089998796141773951e+01
-9.227835832583460629e+00
-7.378101293611689648e+00
-5.399569200308130590e+00
-3.585364829731194636e+00
-2.120151810947178195e+00
-1.214053948886343548e+00
-9.225924447401527839e-01
-8.648347316634752424e-01
-1.089312751402941259e+00
-1.790303464776459519e+00
-2.848679854097527997e+00
-4.174147061243433043e+00
-5.636563395776058805e+00
-7.145228972187585903e+00
-8.609406957847696162e+00
-9.946586629101885180e+00
-1.110592525808603348e+01
-1.206341105612582432e+01
-1.279043504906429440e+01
-1.355282523337753631e+01
-1.448208998675660730e+01
-1.531404536827864860e+01
-1.570288762307153263e+01
-1.543740435753479012e+01
-1.456343820774795006e+01
-1.327913933257067924e+01
-1.178960582614428176e+01
-1.013835992789069351e+01
-8.284587335075251247e+00
-6.235780924004251879e+00
-4.178225168696745762e+00
-2.467942719150807207e+00
-1.240837434779692661e+00
-6.343258939085096859e-01
-4.410789539266102843e-01
-4.270492022647580099e-01
-6.741477541571067045e-01
-1.361931643348355925e+00
-2.418494333099537208e+00
-3.748511027072835233e+00
-5.253018922823062375e+00
-6.840608541140282384e+00
-8.459365717717096445e+00
-1.000317554406664655e+01
-1.145860707057132366e+01
-1.307364449648154014e+01
-1.481554312776694182e+01
-1.633546318419294252e+01
-1.727297711664612123e+01
-1.745200177449635959e+01
-1.693347868516750054e+01
-1.589352537141026822e+01
-1.447013651507321086e+01
-1.267216450019596330e+01
-1.045486440869569655e+01
-7.848710595844740290e+00
-5.100756735402776521e+00
-2.659464615777695329e+00
-9.263643319282944821e-01
1.668035431714135278e-02
7.131151009172802535e-01
1.300873283352886434e+00
1.725415924206407103e+00
2.043253913130054222e+00
2.273025267030265972e+00
2.445558887024537498e+00
2.570167404312777570e+00
2.664541261956921314e+00
2.732248464930902454e+00
2.784241758439074399e+00
2.821064582479328564e+00
2.850015343113935007e+00
2.870022400720185107e+00
2.886307792925161930e+00
2.897020985195370102e+00
2.906243943580116174e+00
2.911803835484583658e+00
2.917083991007199284e+00
2.919771812979699011e+00
2.922821540790903061e+00
2.923900311904953586e+00
2.925667569027754489e+00
2.925820789850486214e+00
2.926844406643773322e+00
2.926496038061898286e+00
2.927095206953472140e+00
2.926447041038101826e+00
2.926778525707129042e+00
2.925969478191435158e+00
2.926144781347546076e+00
2.925234870600462500e+00
2.925307488140740819e+00
2.924354871054814620e+00
2.924363275765694770e+00
2.923368133913865741e+00
2.923322798544166545e+00
2.922320741191041904e+00
2.922248200250485706e+00
2.921229380028842471e+00
2.921124346617847145e+00
2.920107282330763887e+00
2.919983537617314884e+00
2.918955680340161951e+00
2.918811334240347222e+00
2.917794049851504479e+00
2.917639327689467432e+00
2.916612491689814846e+00
2.916438806108772930e+00
2.915423155720277659e+00
2.915245286664976732e+00
2.914226188617106583e+00
2.914035740990254642e+00
2.913028700200185117e+00
2.912834982954930485e+00
2.911825018154282851e+00
2.911623569670138689e+00
2.910630698418310125e+00
2.910431293217523585e+00
2.909437011830485531e+00
2.909230857668333226e+00
2.908253709336342752e+00
2.908053402015787103e+00
2.907079914825115630e+00
2.906878626229513429e+00
2.905924326956689452e+00
2.905729768732106422e+00
2.904779454489722301e+00
2.904587331367940006e+00
2.903660599934444697e+00
2.903480428521898471e+00
2.902560352791250242e+00
2.902383800455323293e+00
2.901487157704838005e+00
2.901324846404791824e+00
2.900438850807754765e+00
2.900285218893958294e+00
2.899425051107083373e+00
2.899286451550763921e+00
2.898436726026944577e+00
2.898308518626342867e+00
2.897487606726527609e+00
2.897378618084397672e+00
2.896570625707986402e+00
2.896472844739537145e+00
2.895692798753032537e+00
2.895614815002314657e+00
2.894849984620648353e+00
2.894786809613657752e+00
2.894051873879491144e+00
2.894008881704907221e+00
2.893288152936759783e+00
2.893259936658865605e+00
2.892570203288888919e+00
2.892564658892500251e+00
2.891890850601458229e+00
2.891900440790625026e+00
2.891256140095300964e+00
2.891287451706458178e+00
2.890659423447685228e+00
2.890707661659583483e+00
2.890110204249653147e+00
2.890180036295393329e+00
2.889597268031110833e+00
2.889682645664444660e+00
2.889129785614953594e+00
2.889237557097060538e+00
2.888700107486967372e+00
2.888823183310902820e+00
2.888313715851944519e+00
2.888457221588958124e+00
2.887962032308171167e+00
2.888121073035971875e+00
2.887653939668333614e+00
2.887832776620717024e+00
2.887377965429004600e+00
2.887570132305508963e+00
2.887141576435509283e+00
2.887353049598032850e+00
2.886936682406342936e+00
2.887160836897870286e+00
2.886768606947708093e+00
2.887009497041851613e+00
2.886627344483541524e+00
2.886880120173680453e+00
2.886521589947500299e+00
2.886790238063426273e+00
2.886439741428888706e+00
2.886717696201990258e+00
2.886388398403518796e+00
2.886681007421342482e+00
2.886359150219884206e+00
2.886660223829282224e+00
2.886357469424073674e+00
2.886670534106064778e+00
2.886372757535092148e+00
2.886692930509328736e+00
2.886413442802360674e+00
2.886744735435972320e+00
2.886468407184884288e+00
2.886804343958981445e+00
2.886543720089166598e+00
2.886889166878888524e+00
2.886630824625902925e+00
2.886980165442175839e+00
2.886735901489745348e+00
2.887092447253819749e+00
2.886848030648611285e+00
2.887206856003888600e+00
2.886975545673356347e+00
2.887340867919050869e+00
2.887108083356388910e+00
2.887473712314352348e+00
2.887251698640856290e+00
2.887622111649236434e+00
2.887397647888865659e+00
2.887767842106064631e+00
2.887553092807847221e+00
2.887926402431597150e+00
2.887707150379907439e+00
2.888078579616018438e+00
2.887868027942083415e+00
2.888242111814768087e+00
2.888026295624189999e+00
2.888397206770185299e+00
2.888188287808912236e+00
2.888560314116226380e+00
2.888345212694907183e+00
2.888713702633842750e+00
2.888504934062546159e+00
2.888873512746412242e+00
2.888657016812152811e+00
2.889020726467661948e+00
2.888809764537685343e+00
2.889173334483611022e+00
2.888954311626921623e+00
2.889312247728611283e+00
2.889097475760694866e+00
2.889454119671226895e+00
2.889230645867360892e+00
2.889581577115092337e+00
2.889362198509004553e+00
2.889711294405254538e+00
2.889482164653842666e+00
2.889824608763101654e+00
2.889599093826967557e+00
2.889939757019097666e+00
2.889704504019676268e+00
2.890038188832268595e+00
2.889805767575925888e+00
2.890136935840810661e+00
2.889894372764097330e+00
2.890218677582199192e+00
2.889979159436133926e+00
2.890300882581620545e+00
2.890050694273750054e+00
2.890364962519143432e+00
2.890117511526458571e+00
2.890429416169513654e+00
2.890171603667569755e+00
2.890476213389467475e+00
2.890220891407476955e+00
2.890522722798819277e+00
2.890256774066134238e+00
2.890551525983819925e+00
2.890288533565277707e+00
2.890580918535648358e+00
2.890307267902268329e+00
2.981167517309050830e+00
3.239762378108240970e+00
3.629062547821273466e+00
4.089735422304237034e+00
4.550965460454490241e+00
4.939704695451874628e+00
5.198844382934282748e+00
5.289131192403079496e+00
5.289398474169630049e+00
5.289113662655276826e+00
5.289379517187523305e+00
5.289084708034791582e+00
5.289343978703795912e+00
5.289052780233101991e+00
5.289310891171875362e+00
5.289010222451435261e+00
5.289262426417315588e+00
5.288965849003472108e+00
5.289217131815463269e+00
5.288911140671689992e+00
5.289156846500093323e+00
5.288855624718912019e+00
5.289101203330624834e+00
5.288791071705625235e+00
5.289031310858680612e+00
5.288726117725833120e+00
5.288966642050995759e+00
5.288653119674444625e+00
5.288889027138264254e+00
5.288581057317546907e+00
5.288817656418518531e+00
5.288501570219050762e+00
5.288733958706688831e+00
5.288424137012152748e+00
5.288658004770995902e+00
5.288340567171481155e+00
5.288570586079398339e+00
5.288259778705485914e+00
5.288491802763218175e+00
5.288173925858218105e+00
5.288402739443125888e+00
5.288092169967477219e+00
5.288323550709676191e+00
5.288006232669976825e+00
5.288234771310925453e+00
5.287925315473147592e+00
5.288157118449860583e+00
5.287841495220625632e+00
5.288071001272060201e+00
5.287763748340972292e+00
5.287997011983309292e+00
5.287684007489860782e+00
5.287915480508124766e+00
5.287611459104861744e+00
5.287847296760347149e+00
5.287537896267107129e+00
5.287772298647083424e+00
5.287472381118819342e+00
5.287711778358703540e+00
5.287406995883587868e+00
5.287645459179328711e+00
5.287350658989097063e+00
5.287594505746389117e+00
5.287295084539073819e+00
5.287538397289444525e+00
5.287249557101389108e+00
5.287498862971458991e+00
5.287205691406389185e+00
5.287454694009050549e+00
5.287172515260925465e+00
5.287428018003611285e+00
5.287141831239513756e+00
5.287397315983889179e+00
5.287122481244235672e+00
5.287384842683657382e+00
5.287106233364028185e+00
5.287368877105786957e+00
5.287101979736551272e+00
5.287371811927152443e+00
5.287101255279329060e+00
5.287371526561735813e+00
5.287113028233101808e+00
5.287390836824305218e+00
5.287128711194075237e+00
5.287406945672083580e+00
5.287157046181157227e+00
5.287443150884004517e+00
5.287189794138842380e+00
5.287476390241388380e+00
5.287235304322314811e+00
5.287529702360648898e+00
5.287284953993657055e+00
5.287579892135787496e+00
5.287347730875278096e+00
5.287650654366389702e+00
5.287414506780231171e+00
5.287717544439236583e+00
5.287493850682315255e+00
5.287804966953842722e+00
5.287577210900833435e+00
5.287888278873448478e+00
5.287672775755440036e+00
5.287991591625972099e+00
5.287771494048704390e+00
5.288089931990693771e+00
5.287882063920787523e+00
5.288208191937060043e+00
5.287995180969745412e+00
5.288320199638333996e+00
5.288118928544537134e+00
5.288451343699906992e+00
5.288244482490601861e+00
5.288575341085207882e+00
5.288379783839583403e+00
5.288717422684745983e+00
5.288515309458658109e+00
5.288850575684652000e+00
5.288659374965440030e+00
5.289001076963124603e+00
5.288802504286481465e+00
5.289140810086666811e+00
5.288952251220509382e+00
5.289296206634930719e+00
5.289099371841968100e+00
5.289439155072546583e+00
5.289251702159999624e+00
5.289596231824676309e+00
5.289399038917360407e+00
5.289738071678934617e+00
5.289549502125787228e+00
5.289892709636527357e+00
5.289693352790694192e+00
5.290029656729144492e+00
5.289837517484976992e+00
5.290176750696527819e+00
5.289972558370022782e+00
5.290303883296064491e+00
5.290106122164953462e+00
5.290439161536897750e+00
5.290227367547986503e+00
5.290550683067801074e+00
5.290344280242244679e+00
5.290668638028332538e+00
5.290446962105602502e+00
5.290759856764420732e+00
5.290541777240671095e+00
5.290854011039535898e+00
5.290619032745161654e+00
5.290918684421597185e+00
5.290686503900069226e+00
5.290984181044143142e+00
5.290732804601550043e+00
5.291015590768842536e+00
5.290765619554490762e+00
5.291045638153101471e+00
5.290775262505209575e+00
5.291038759320740859e+00
5.290767972591504886e+00
5.291026762953379148e+00
5.290733581287430987e+00
5.290974508736156601e+00
5.290680245329212994e+00
5.290915474071504754e+00
5.290596592767593087e+00
5.290811480605116301e+00
5.290489947147129612e+00
5.290698314834860305e+00
5.290351170779166168e+00
5.290537955556804839e+00
5.290186724049698697e+00
5.290365131836736623e+00
5.289986066000301079e+00
5.290141523680347291e+00
5.289758130689119930e+00
5.289904843382129407e+00
5.289491909016991400e+00
5.289613437226782899e+00
5.289194711615440525e+00
5.289306887896967346e+00
5.288858034521898510e+00
5.288944441102175986e+00
5.288489100215509886e+00
5.288564790973403262e+00
5.288077326615092666e+00
5.288126205547128755e+00
5.287632791887059369e+00
5.287671626982754169e+00
5.287145157249745431e+00
5.287155397579166305e+00
5.286621949415694743e+00
5.286622134255046568e+00
5.286055834873495840e+00
5.286027895369004526e+00
5.285455081745833894e+00
5.285416580869907399e+00
5.284809362107639075e+00
5.284742182349398298e+00
5.284130025259884178e+00
5.284054268856920977e+00
5.283407923975809162e+00
5.283302602873425791e+00
5.282650930135624812e+00
5.282537577722870026e+00
5.281852755077593109e+00
5.281711629370578365e+00
5.281023627294605838e+00
5.280875247287708518e+00
5.280152971282453755e+00
5.279976449711319297e+00
5.279253382338448652e+00
5.279073086101179868e+00
5.278317586877084189e+00
5.278109493198819280e+00
5.277353664018102464e+00
5.277142738694328372e+00
5.276355822076087776e+00
5.276119815752106312e+00
5.275336511639907577e+00
5.275100004032129419e+00
5.274285009006389302e+00
5.274022977120879752e+00
5.273214372401781702e+00
5.272956347687963508e+00
5.272119218923380757e+00
5.271837164149815180e+00
5.271007748560832873e+00
5.270730593123426289e+00
5.269873587132616777e+00
5.269575411326435699e+00
5.268731507923378743e+00
5.268441891806851629e+00
5.267570028236875146e+00
5.267258148955671793e+00
5.266401991508796065e+00
5.266103544960740734e+00
5.265223243434907552e+00
5.264904464777754534e+00
5.264041587360787311e+00
5.263736460527268513e+00
5.262849160518310754e+00
5.262525916461064490e+00
5.261662522741272774e+00
5.261357335514583511e+00
5.260468517455416659e+00
5.260141799279860919e+00
5.259278282505625235e+00
5.258973383465832541e+00
5.258087661258541878e+00
5.257761961000416484e+00
5.256902531642824172e+00
5.256595890289004203e+00
5.255709752564027504e+00
5.255379046341458249e+00
5.254522402115115121e+00
5.254208659213634114e+00
5.253314327669930783e+00
5.252956957803681881e+00
5.252075689403356229e+00
5.251713729439837941e+00
5.250765743631689908e+00
5.250313634780601646e+00
5.249319473737084074e+00
5.248771039888818990e+00
5.247586386190208785e+00
5.246776348296712911e+00
5.245326985302870781e+00
5.244102509057985806e+00
5.242020961027477277e+00
5.239909808933842505e+00
5.236730627285440143e+00
5.233034034157430625e+00
5.227611401742985997e+00
5.220749805839375313e+00
5.211107642728102007e+00
5.198274775057152297e+00
5.180347755863148329e+00
5.155829694041342393e+00
5.121856921483402658e+00
5.074597125589652258e+00
5.009028572719096850e+00
4.917067673222477175e+00
4.789652997403656798e+00
4.609603204425694933e+00
4.360529020095485819e+00
4.005370007784600617e+00
3.545401636609534890e+00
2.915487415132760329e+00
1.802866836888807889e+00
2.289625809516183386e-01
-1.473345672349870794e+00
-2.937195166803955093e+00
-3.976973092809036991e+00
-4.606410030150811963e+00
