-1.159404731935514477e+01
-1.225598530363834548e+01
-1.303597711121348368e+01
-1.363103922467163187e+01
-1.371711308760510839e+01
-1.318344414254835861e+01
-1.213739759296576182e+01
-1.081198365841122389e+01
-9.346853954349235494e+00
-7.756019391474711533e+00
-5.997851386108314919e+00
-4.114159574637937133e+00
-2.343553697194363128e+00
-8.296125158772851282e-01
1.437236798317038655e-01
4.860943358864784902e-01
5.729343485236891853e-01
4.159510491307032432e-01
-2.097018907486544737e-01
-1.203783697518183704e+00
-2.472886818892073624e+00
-3.893497082463104331e+00
-5.368909270436382108e+00
-6.813481353596481327e+00
-8.141656006241353438e+00
-9.298932175847779646e+00
-1.026414624024872069e+01
-1.099562719523651921e+01
-1.172129459985389666e+01
-1.263238682633278032e+01
-1.349523891883128890e+01
-1.396649538987264094e+01
-1.379914429413463495e+01
-1.301115927300822683e+01
-1.177947094433650399e+01
-1.032253404230208460e+01
-8.701474381891227239e+00
-6.884097730763102163e+00
-4.865537077370398755e+00
-2.805474903660880148e+00
-1.058417590102764816e+00
2.120539222477913766e-01
8.626791742187563949e-01
1.049883901978458267e+00
1.073888880333677909e+00
7.398981237783736065e-01
-4.144068681303200025e-02
-1.155775796922896559e+00
-2.502577315173591721e+00
-3.965029734959427010e+00
-5.451530719491352706e+00
-6.882948987098965077e+00
-8.171643592743903284e+00
-9.295389916402928776e+00
-1.019709162075192488e+01
-1.093933822376308740e+01
-1.181496208614098542e+01
-1.280292677526409051e+01
-1.356901670567066809e+01
-1.379433894067771860e+01
-1.334155450695652867e+01
-1.232730900634988203e+01
-1.095645389790302282e+01
-9.402774301996982942e+00
-7.652317680209375084e+00
-5.689819415548324599e+00
-3.557118317384517781e+00
-1.551245304276891890e+00
8.939118747547741828e-03
1.009169207453285422e+00
1.414505509770814351e+00
1.509441195902825328e+00
1.427181534091143122e+00
1.005678929595842375e+00
1.455014179926602258e-01
-1.026836684779875108e+00
-2.424949688607538345e+00
-3.916271990736530650e+00
-5.416445807416100600e+00
-6.818407161517368031e+00
-8.029217575545514407e+00
-8.975673347341130537e+00
-9.612052894208870768e+00
-9.912891723085341056e+00
-9.866041590406780415e+00
-9.474742151986266236e+00
-8.749788221807619948e+00
-7.723866752408951264e+00
-6.440592306263616784e+00
-4.976891407672029644e+00
-3.416724862833163900e+00
-1.867767094964008168e+00
-3.961382782072899733e-01
8.916495945234862441e-01
1.930219336934816177e+00
2.631450365020816307e+00
3.054510900783884431e+00
3.440846974801187397e+00
3.764173049509652813e+00
4.016738547987916519e+00
4.210676656176736365e+00
4.361643134791736820e+00
4.475899594111019120e+00
4.564202719106990713e+00
4.630041232619096725e+00
4.680484959646180165e+00
4.717321104535185050e+00
4.745119698584860934e+00
4.764793569550207941e+00
4.779236383143540934e+00
4.788845898193542006e+00
4.795388434977129855e+00
4.799124835097893893e+00
4.801057436652985899e+00
4.801386936880347456e+00
4.800576102290671443e+00
4.798940494980532101e+00
4.796551259843194970e+00
4.793796522909491209e+00
4.790441167393264088e+00
4.787049449414305435e+00
4.783152319559583532e+00
4.779412782517014513e+00
4.775157579482846693e+00
4.771226729788287990e+00
4.766785916534190370e+00
4.762765507942593679e+00
4.758175493659051014e+00
4.754107531506342355e+00
4.749451161702314295e+00
4.745376193572245604e+00
4.740644445176087629e+00
4.736568468334791504e+00
4.731812603550115348e+00
4.727753390735393246e+00
4.722945803589606584e+00
4.718895894348263731e+00
4.714079684189004915e+00
4.710055418611897693e+00
4.705199387627313712e+00
4.701184926589722757e+00
4.696323193324420942e+00
4.692333113924004984e+00
4.687436716526111269e+00
4.683457045954837916e+00
4.678559158181805344e+00
4.674602846258657074e+00
4.669670782451921021e+00
4.665720099264097698e+00
4.660787402010996061e+00
4.656861524621319859e+00
4.651899154675971815e+00
4.647976890390347116e+00
4.643012113290625464e+00
4.639110645131876431e+00
4.634116888232708398e+00
4.630218747819189851e+00
4.625225433323286950e+00
4.621348406893194039e+00
4.616325899369444485e+00
4.612447543008727280e+00
4.607424286921365741e+00
4.603568031625022705e+00
4.598519836385902337e+00
4.594662340253912625e+00
4.589612422151203575e+00
4.585774155572546640e+00
4.580698796847777921e+00
4.576858807337591983e+00
4.571784650783148329e+00
4.567966307985670937e+00
4.562867936143448766e+00
4.559044419134560044e+00
4.553945139854723045e+00
4.550143805799190311e+00
4.545024439064606625e+00
4.541220076071781797e+00
4.536100797577986121e+00
4.532317374039930513e+00
4.527177074417385150e+00
4.523389618852384331e+00
4.518252116767014215e+00
4.514489892799513626e+00
4.509334660843471454e+00
4.505566621843333230e+00
4.500411739793332089e+00
4.496668761844050621e+00
4.491499568612083770e+00
4.487754079727292122e+00
4.482587580466273813e+00
4.478866523122361443e+00
4.473683016155023395e+00
4.469954856102199336e+00
4.464772203339236079e+00
4.461069264053171501e+00
4.455868594142476269e+00
4.452150502789490538e+00
4.446937718906528225e+00
4.443230233492176495e+00
4.437984330766712837e+00
4.434242816826481359e+00
4.428959837645347619e+00
4.425194223338865918e+00
4.419829973428310410e+00
4.415967138757962651e+00
4.410490045098079293e+00
4.406513442927014523e+00
4.400842229594999822e+00
4.396620964628333184e+00
4.390647982087291012e+00
4.386078783850046570e+00
4.379623513975995586e+00
4.374455367836481479e+00
4.367261445009814835e+00
4.361205514025324526e+00
4.352856946751782807e+00
4.345370610863680483e+00
4.335263454378333492e+00
4.325647722478310087e+00
4.312864745316805859e+00
4.299951151992615905e+00
4.283112024926111872e+00
4.265256937516897828e+00
4.242296044279444622e+00
4.216937099191342853e+00
4.184779918957916678e+00
4.148222993311225792e+00
4.102309006576203565e+00
4.048982042743148213e+00
3.982627143604675624e+00
3.904551972424235906e+00
3.808069606459375311e+00
3.693574905436273426e+00
3.552975151546111210e+00
3.385460829697407803e+00
3.180703240055439807e+00
2.936272125512823905e+00
2.638371821043358878e+00
2.282736956339874279e+00
1.850892195588140776e+00
1.393060536714570308e+00
8.463238127235374053e-01
-2.545595593989900471e-02
-1.170275293020350826e+00
-2.522021019162995703e+00
-3.984670467919647407e+00
-5.478014258112335888e+00
-6.929147441190861123e+00
-8.256462714090734067e+00
-9.402829577394470562e+00
-1.034827227757396351e+01
-1.106302465100067600e+01
