-4.765176751616996498e+00
-4.850687913708526366e+00
-4.625050716227243619e+00
-3.962874425594069994e+00
-2.857851519668964446e+00
-1.514782255412228551e+00
-3.285515424482166602e-01
3.430470596918928083e-01
4.516725106710792192e-01
3.491334149808024701e-01
3.883897467898449196e-02
-7.193964783506313632e-01
-1.828412396297453668e+00
-3.203404389196388813e+00
-4.719250573133116688e+00
-6.282385337604537767e+00
-7.800665727447301023e+00
-9.187668677381894966e+00
-1.037790429182443930e+01
-1.135530094982089544e+01
-1.208816889132242878e+01
-1.262966159146522038e+01
-1.329205361752544157e+01
-1.406638960209018485e+01
-1.464539881700090262e+01
-1.470898441939423940e+01
-1.414475838755584292e+01
-1.306804363805516012e+01
-1.171301770201666415e+01
-1.022739227332322542e+01
-8.623502821446251687e+00
-6.863768500153263119e+00
-4.984754603417038687e+00
-3.227658194921462886e+00
-1.730863115687744314e+00
-7.816362827573064553e-01
-4.652717540483795600e-01
-4.098676886917045348e-01
-5.982880403738836117e-01
-1.259300619592008230e+00
-2.287998378090829288e+00
-3.594524598409288618e+00
-5.050718411207191672e+00
-6.563682561257399684e+00
-8.043685907372976729e+00
-9.408583510969334540e+00
-1.060185153119521040e+01
-1.159992501781705876e+01
-1.236684756285505316e+01
-1.316579883015097963e+01
-1.413096615746901641e+01
-1.500367349967487129e+01
-1.543234248871963388e+01
-1.520359988283733799e+01
-1.435327709925624617e+01
-1.308127256213856526e+01
-1.158897243608297956e+01
-9.931845308427506680e+00
-8.058728075448110317e+00
-5.987109780083271104e+00
-3.887153556751567596e+00
-2.143780331101657222e+00
-8.993150266555737238e-01
-2.671662044796520030e-01
-5.141584119699422334e-02
-2.844045904269920655e-02
-2.309087499907228336e-01
-8.503388806962021151e-01
-1.859901718122801473e+00
-3.150843747053210464e+00
-4.637913859629680502e+00
-6.217423784608968163e+00
-7.844151240953045168e+00
-9.414276532932934316e+00
-1.088928296576287558e+01
-1.250964493619190954e+01
-1.428393725407129367e+01
-1.587143174614449492e+01
-1.690402249207219398e+01
-1.717992879940716477e+01
-1.674320816313222338e+01
-1.576419873753682133e+01
-1.438898909086239541e+01
-1.263572623076392176e+01
-1.045610790879407048e+01
-7.872525391646980175e+00
-5.102258094190423421e+00
-2.593383815989305674e+00
-7.538563732209735413e-01
2.649663472828450717e-01
9.683982914284405830e-01
1.580137757508385699e+00
2.021882495362075538e+00
2.356660120720416529e+00
2.596164702137828684e+00
2.779480366816226677e+00
2.909617470673981021e+00
3.011071208199143090e+00
3.081813835212986241e+00
3.138692879334861185e+00
3.177126470365810196e+00
3.209599865505648353e+00
3.230345807804837932e+00
3.249343299721828782e+00
3.260330474278263502e+00
3.271735538017777944e+00
3.277270824521643533e+00
3.284425829476620429e+00
3.286959443692939686e+00
3.291654125445671486e+00
3.292476140239537052e+00
3.295770116157661800e+00
3.295661612170440069e+00
3.298104397838310220e+00
3.297461581544444353e+00
3.299431160387940043e+00
3.298521048790509447e+00
3.300163842843587769e+00
3.299088290864560236e+00
3.300561515250300726e+00
3.299431422948564396e+00
3.300759496364698897e+00
3.299583802931689291e+00
3.300846773399884082e+00
3.299681846937916774e+00
3.300862660546296290e+00
3.299688880519259460e+00
3.300844068686527688e+00
3.299702196607940063e+00
3.300800017117917040e+00
3.299658551595069600e+00
3.300745798633657468e+00
3.299642173336319040e+00
3.300684044381481552e+00
3.299582819846944570e+00
3.300621252792037108e+00
3.299558910622870211e+00
3.300558227421018564e+00
3.299497341342453538e+00
3.300497173659675987e+00
3.299475417633171315e+00
3.300440550406758877e+00
3.299418592478402523e+00
3.300386726281342664e+00
3.299403917295439914e+00
3.300340520597916605e+00
3.299355549039675761e+00
3.300296054423101921e+00
3.299349576165810483e+00
3.300261053368263475e+00
3.299310458129606438e+00
3.300226329929259350e+00
3.299313813512638749e+00
3.300202493132592618e+00
3.299283792310509167e+00
3.300176888941319220e+00
3.299295964602315223e+00
3.300163377368032336e+00
3.299274072582523143e+00
3.300145426188356268e+00
3.299293547843819230e+00
3.377694474747384490e+00
3.600113652439189682e+00
3.939297795970301053e+00
4.342986401376017547e+00
4.748326589576296719e+00
5.085822807787777400e+00
5.309932649751551992e+00
5.386685560651597093e+00
5.387490874828703369e+00
5.386674753528009063e+00
5.387480849992592802e+00
5.386701492021041204e+00
5.387485295276619901e+00
5.386688794817777293e+00
5.387471828260300910e+00
5.386712237961689631e+00
5.387473808751156668e+00
5.386695120557846828e+00
5.387454387491504626e+00
5.386712781996227051e+00
5.387451240904144179e+00
5.386688735664189487e+00
5.387423482220300208e+00
5.386698767879908090e+00
5.387413551598426054e+00
5.386666121699397181e+00
5.387375633664351682e+00
5.386666995185994899e+00
5.387357659072361749e+00
5.386624885534768481e+00
5.387308780506250727e+00
5.386616167496133478e+00
5.387282454487430705e+00
5.386564408835901929e+00
5.387222394819560556e+00
5.386546321433055340e+00
5.387188115760115359e+00
5.386485494133935070e+00
5.387117397501897997e+00
5.386458933156550444e+00
5.387076085446134144e+00
5.386389932911874290e+00
5.386995221883473128e+00
5.386355742466041541e+00
5.386947512483749811e+00
5.386278756393309664e+00
5.386855403543055587e+00
5.386235064455231480e+00
5.386798271141088001e+00
5.386145908011180872e+00
5.386687979142615212e+00
5.386082649371156883e+00
5.386604767594190157e+00
5.385956136357245683e+00
5.386439908777962415e+00
5.385824741234491064e+00
5.386264089623402640e+00
5.385569267760115686e+00
5.385915067361851882e+00
5.385191256475486021e+00
5.385400527855093600e+00
5.384472297427453924e+00
5.384407557999814742e+00
5.383216644984235799e+00
5.382677589501156490e+00
5.380824036225879681e+00
5.379370931911365616e+00
5.376405432303286602e+00
5.373277950259422120e+00
5.367996926737129471e+00
5.361625746246851953e+00
5.352062134300832774e+00
5.339583713112453722e+00
5.321615288680717981e+00
5.297312012033680517e+00
5.263164385298587433e+00
5.215912473473749422e+00
5.150004729641203483e+00
5.057910885988379235e+00
4.930084815501551532e+00
4.749827834618565170e+00
4.500417309792847043e+00
4.145306894789858809e+00
3.685562076685433119e+00
3.056550609757926029e+00
1.945502017785385673e+00
3.743769391061994578e-01
-1.323873997485263798e+00
-2.782097670973679993e+00
-3.814974958034369035e+00
-4.436786959812003772e+00
